BNO055 detected! Chip ID: 0xA0
BNO055 initialized successfully!
roll,pitch,yaw,qw,qx,qy,qz,accx,accy,accz,gyrox,gyroy,gyroz,svm,state,z_v,lever_offx,lever_offy,steps,stride_m,velocity_mps,cadence_spm,distance_m,step_flag
phase1 acc_mag=9.257 gravity=9.257 motion=0.000 moving_avg=0.000 rms=0.000 mean_rms=0.000 max_rms=0.000 min_rms=0.000 std=0.000 var=0.000 state=standing thr=0.080/0.350/0.850
0.00,0.00,0.00,0.0000,0.0000,0.0000,0.0000,-4.14,8.11,-1.67,0.19,0.62,-1.50,9.26,0,1.70,0.0000,0.0000,0,0.000,0.000,0.00,0.000,0
-27.88,-101.44,0.00,0.6420,0.6746,0.3644,-0.0001,-4.29,8.07,-1.65,0.25,-1.38,1.62,9.29,2,0.20,0.0936,-0.1732,0,0.000,0.000,0.00,0.000,0
-27.81,-101.56,359.94,0.6413,0.6752,0.3646,0.0002,-4.31,8.17,-1.68,1.81,1.31,-0.19,9.39,2,0.20,0.0936,-0.1732,0,0.000,0.000,0.00,0.000,0
-27.81,-101.56,359.94,0.6412,0.6752,0.3647,0.0002,-4.36,8.06,-1.68,0.88,1.12,-0.25,9.32,2,0.20,0.0936,-0.1731,0,0.000,0.000,0.00,0.000,0
phase1 acc_mag=9.349 gravity=9.298 motion=0.052 moving_avg=0.040 rms=0.051 mean_rms=0.040 max_rms=0.053 min_rms=0.000 std=0.013 var=0.000 state=standing thr=0.080/0.350/0.850
-27.81,-101.69,359.88,0.6404,0.6759,0.3647,0.0004,-4.33,8.11,-1.70,1.31,0.19,1.62,9.35,2,0.20,0.0935,-0.1731,0,0.000,0.000,0.00,0.000,0
-27.69,-101.62,359.88,0.6409,0.6760,0.3636,0.0006,-4.16,8.07,-1.68,-2.88,-1.69,-1.38,9.23,2,0.20,0.0934,-0.1732,0,0.000,0.000,0.00,0.000,0
-27.69,-101.62,359.88,0.6408,0.6761,0.3636,0.0007,-4.23,8.13,-1.72,0.88,-1.00,3.56,9.32,2,0.20,0.0934,-0.1732,0,0.000,0.000,0.00,0.000,0
-27.56,-101.62,359.75,0.6408,0.6766,0.3628,0.0012,-4.32,7.94,-1.62,1.56,0.81,1.81,9.18,2,0.20,0.0933,-0.1732,0,0.000,0.000,0.00,0.000,0
phase1 acc_mag=9.390 gravity=9.300 motion=0.090 moving_avg=0.045 rms=0.055 mean_rms=0.046 max_rms=0.055 min_rms=0.000 std=0.011 var=0.000 state=standing thr=0.080/0.350/0.850
-27.25,-102.00,359.62,0.6384,0.6799,0.3608,0.0020,-4.38,8.45,-1.85,7.00,0.12,4.62,9.70,2,0.20,0.0927,-0.1733,0,0.000,0.000,0.00,0.000,0
-27.62,-100.31,0.00,0.6594,0.6627,0.3550,0.0022,-4.75,7.73,-1.33,-170.31,-43.56,-2.94,9.17,2,0.20,0.0942,-0.1745,0,0.000,0.000,0.00,0.000,0
-27.38,-99.19,0.06,0.6587,0.6642,0.3536,-0.0004,-4.72,9.70,-1.86,-11.75,15.06,-24.81,10.95,2,0.20,0.0931,-0.1750,0,0.000,0.000,0.00,0.000,0
-27.62,-98.50,0.19,0.6606,0.6639,0.3504,-0.0013,-4.02,8.18,-1.18,-20.19,-10.00,-0.38,9.19,2,0.20,0.0922,-0.1756,0,0.000,0.000,0.00,0.000,0
phase1 acc_mag=7.983 gravity=9.378 motion=1.394 moving_avg=0.653 rms=1.600 mean_rms=0.411 max_rms=1.626 min_rms=0.000 std=0.633 var=0.401 state=standing thr=1.678/1.878/2.378
-27.94,-98.06,0.44,0.6618,0.6620,0.3519,-0.0027,-4.39,8.28,-1.18,-5.69,-2.62,-1.00,9.45,2,0.20,0.0924,-0.1756,0,0.000,0.000,0.00,0.000,0
-27.94,-97.88,0.44,0.6629,0.6613,0.3511,-0.0029,-4.27,8.88,-1.36,9.06,2.75,1.25,9.95,2,0.20,0.0923,-0.1757,0,0.000,0.000,0.00,0.000,0
-28.06,-97.75,0.44,0.6636,0.6603,0.3516,-0.0029,-4.26,8.41,-1.19,0.06,-0.88,1.44,9.50,2,0.20,0.0926,-0.1757,0,0.000,0.000,0.00,0.000,0
-28.06,-97.62,0.44,0.6641,0.6595,0.3522,-0.0028,-4.36,8.30,-1.14,-0.06,0.56,-0.25,9.44,2,0.20,0.0928,-0.1756,0,0.000,0.000,0.00,0.000,0
phase1 acc_mag=9.144 gravity=9.378 motion=0.235 moving_avg=0.587 rms=1.411 mean_rms=0.681 max_rms=1.626 min_rms=0.000 std=0.724 var=0.523 state=standing thr=2.128/2.328/2.828
-28.12,-97.56,0.44,0.6646,0.6591,0.3522,-0.0027,-4.35,8.21,-1.12,-0.25,0.56,-0.69,9.36,2,0.20,0.0929,-0.1756,0,0.000,0.000,0.00,0.000,0
-28.12,-97.50,0.44,0.6649,0.6586,0.3522,-0.0029,-4.36,8.21,-1.09,0.25,-0.88,-0.25,9.36,2,0.20,0.0929,-0.1756,0,0.000,0.000,0.00,0.000,0
-28.12,-97.50,0.56,0.6652,0.6588,0.3514,-0.0034,-4.19,8.05,-1.10,-1.38,-1.00,2.06,9.14,2,0.20,0.0926,-0.1758,0,0.000,0.000,0.00,0.000,0
phase1 acc_mag=9.098 gravity=9.364 motion=0.266 moving_avg=0.522 rms=1.303 mean_rms=0.858 max_rms=1.626 min_rms=0.029 std=0.692 var=0.478 state=standing thr=2.241/2.441/2.941
-28.25,-97.44,0.62,0.6655,0.6581,0.3520,-0.0039,-4.33,7.94,-0.99,-3.19,-0.56,-0.38,9.10,2,0.20,0.0927,-0.1758,0,0.000,0.000,0.00,0.000,0
-28.19,-97.38,0.69,0.6656,0.6583,0.3514,-0.0041,-4.41,8.15,-1.11,0.81,0.94,-0.06,9.33,2,0.20,0.0925,-0.1759,0,0.000,0.000,0.00,0.000,0
-28.31,-97.25,0.56,0.6664,0.6569,0.3526,-0.0035,-4.78,8.32,-1.09,-5.56,0.44,-5.19,9.66,2,0.20,0.0931,-0.1756,0,0.000,0.000,0.00,0.000,0
-28.31,-97.06,0.56,0.6676,0.6560,0.3521,-0.0037,-3.96,7.32,-0.95,-0.94,-0.62,-1.50,8.38,2,0.20,0.0931,-0.1757,0,0.000,0.000,0.00,0.000,0
phase1 acc_mag=9.894 gravity=9.356 motion=0.538 moving_avg=0.571 rms=1.316 mean_rms=1.110 max_rms=1.626 min_rms=0.050 std=0.569 var=0.323 state=standing thr=2.247/2.447/2.947
-28.31,-97.06,0.62,0.6674,0.6564,0.3517,-0.0037,-4.31,7.81,-0.88,-1.38,-1.69,-0.06,8.96,2,0.20,0.0929,-0.1758,0,0.000,0.000,0.00,0.000,0
-28.31,-97.12,0.62,0.6674,0.6561,0.3524,-0.0037,-4.38,8.08,-1.01,0.38,0.38,0.19,9.25,2,0.20,0.0931,-0.1757,0,0.000,0.000,0.00,0.000,0
-28.38,-97.06,0.62,0.6675,0.6558,0.3527,-0.0037,-4.38,8.11,-1.01,0.00,0.94,-0.75,9.27,2,0.20,0.0932,-0.1756,0,0.000,0.000,0.00,0.000,0
-28.44,-97.06,0.62,0.6676,0.6556,0.3529,-0.0039,-4.36,8.07,-0.97,-0.31,-0.12,0.50,9.22,2,0.20,0.0932,-0.1756,0,0.000,0.000,0.00,0.000,0
phase1 acc_mag=9.329 gravity=9.347 motion=0.018 moving_avg=0.579 rms=1.317 mean_rms=1.375 max_rms=1.626 min_rms=0.087 std=0.171 var=0.029 state=standing thr=1.716/1.916/2.416
-28.44,-97.06,0.62,0.6677,0.6554,0.3529,-0.0038,-4.37,8.12,-1.00,-1.19,-0.25,-0.50,9.28,2,0.20,0.0932,-0.1756,0,0.000,0.000,0.00,0.000,0
-28.44,-97.00,0.62,0.6678,0.6553,0.3529,-0.0038,-4.67,8.74,-1.07,-1.12,0.00,-0.25,9.97,2,0.20,0.0933,-0.1756,0,0.000,0.000,0.00,0.000,0
-28.44,-97.00,0.62,0.6679,0.6552,0.3530,-0.0037,-4.66,8.71,-1.08,0.25,0.69,0.38,9.94,2,0.20,0.0933,-0.1756,0,0.000,0.000,0.00,0.000,0
-28.44,-97.06,0.62,0.6680,0.6552,0.3529,-0.0034,-4.07,7.46,-0.55,-5.44,-3.44,5.31,8.52,2,0.20,0.0934,-0.1755,0,0.000,0.000,0.00,0.000,0
phase1 acc_mag=9.850 gravity=9.407 motion=0.443 moving_avg=0.267 rms=0.368 mean_rms=1.190 max_rms=1.548 min_rms=0.368 std=0.335 var=0.112 state=standing thr=1.861/2.061/2.561
-28.31,-97.50,0.69,0.6650,0.6581,0.3530,-0.0042,-4.91,8.48,-1.14,-21.31,-8.00,0.00,9.86,2,0.20,0.0928,-0.1757,0,0.000,0.000,0.00,0.000,0
-28.25,-97.31,0.81,0.6671,0.6569,0.3512,-0.0048,-4.83,8.63,-1.13,-9.50,2.69,-12.25,9.95,2,0.20,0.0924,-0.1760,0,0.000,0.000,0.00,0.000,0
-28.06,-97.25,0.81,0.6671,0.6585,0.3483,-0.0049,-4.47,8.51,-1.05,-12.75,-3.94,0.00,9.67,2,0.20,0.0916,-0.1764,0,0.000,0.000,0.00,0.000,0
-28.12,-97.12,0.81,0.6671,0.6581,0.3491,-0.0049,-4.74,8.52,-1.00,-7.56,-1.38,-0.56,9.80,2,0.20,0.0919,-0.1763,0,0.000,0.000,0.00,0.000,0
phase1 acc_mag=9.637 gravity=9.587 motion=0.050 moving_avg=0.391 rms=0.598 mean_rms=0.991 max_rms=1.357 min_rms=0.368 std=0.385 var=0.148 state=standing thr=1.762/1.962/2.462
-28.06,-97.06,0.88,0.6675,0.6583,0.3480,-0.0052,-4.57,8.96,-1.16,-0.81,-2.94,3.56,10.12,2,0.20,0.0915,-0.1765,0,0.000,0.000,0.00,0.000,0
-28.12,-96.88,0.94,0.6684,0.6578,0.3472,-0.0056,-4.74,8.74,-1.04,-3.00,-1.75,-1.19,10.00,2,0.20,0.0914,-0.1766,0,0.000,0.000,0.00,0.000,0
-27.94,-96.75,1.06,0.6692,0.6586,0.3441,-0.0065,-4.38,8.95,-1.38,0.25,-3.50,5.56,10.06,2,0.20,0.0904,-0.1772,0,0.000,0.000,0.00,0.000,0
-28.06,-96.69,1.19,0.6697,0.6577,0.3447,-0.0072,-4.73,8.63,-1.17,-2.75,-1.12,-4.38,9.91,2,0.20,0.0904,-0.1772,0,0.000,0.000,0.00,0.000,0
phase1 acc_mag=10.002 gravity=9.745 motion=0.257 moving_avg=0.445 rms=0.622 mean_rms=0.844 max_rms=1.317 min_rms=0.368 std=0.367 var=0.135 state=standing thr=1.579/1.779/2.279
-27.94,-96.50,1.19,0.6704,0.6581,0.3427,-0.0072,-4.60,8.77,-1.02,-1.56,-0.44,-1.75,9.96,2,0.20,0.0900,-0.1775,0,0.000,0.000,0.00,0.000,0
-28.00,-96.50,1.25,0.6708,0.6578,0.3424,-0.0076,-4.64,8.75,-1.02,-1.25,-3.00,2.81,9.96,2,0.20,0.0899,-0.1775,0,0.000,0.000,0.00,0.000,0
-28.00,-96.50,1.31,0.6707,0.6577,0.3427,-0.0078,-4.64,8.93,-1.17,2.62,-0.06,-0.31,10.13,2,0.20,0.0899,-0.1775,0,0.000,0.000,0.00,0.000,0
-27.94,-96.38,1.25,0.6713,0.6575,0.3419,-0.0076,-4.64,8.93,-1.08,1.50,1.12,0.19,10.12,2,0.20,0.0898,-0.1776,0,0.000,0.000,0.00,0.000,0
phase1 acc_mag=10.073 gravity=9.906 motion=0.167 moving_avg=0.417 rms=0.599 mean_rms=0.690 max_rms=1.317 min_rms=0.368 std=0.274 var=0.075 state=standing thr=1.239/1.439/1.939
-27.88,-96.25,1.19,0.6719,0.6573,0.3412,-0.0068,-4.59,9.03,-1.09,0.25,-0.75,3.69,10.19,2,0.20,0.0899,-0.1776,0,0.000,0.000,0.00,0.000,0
-27.81,-96.12,1.00,0.6727,0.6567,0.3409,-0.0061,-4.62,8.84,-1.01,-2.19,-0.56,0.69,10.03,2,0.20,0.0901,-0.1775,0,0.000,0.000,0.00,0.000,0
-27.69,-95.94,0.81,0.6738,0.6560,0.3401,-0.0049,-4.62,8.79,-0.96,-2.94,-0.75,1.19,9.98,2,0.20,0.0904,-0.1775,0,0.000,0.000,0.00,0.000,0
-27.56,-95.88,0.69,0.6741,0.6559,0.3395,-0.0043,-4.57,8.84,-0.95,-0.62,0.38,-0.69,10.00,2,0.20,0.0904,-0.1775,0,0.000,0.000,0.00,0.000,0
phase1 acc_mag=9.988 gravity=10.022 motion=0.033 moving_avg=0.376 rms=0.575 mean_rms=0.570 max_rms=0.623 min_rms=0.368 std=0.066 var=0.004 state=standing thr=0.701/0.901/1.401
-27.56,-95.88,0.69,0.6742,0.6560,0.3393,-0.0043,-4.58,8.98,-0.95,0.06,0.31,3.00,10.13,2,0.20,0.0904,-0.1775,0,0.000,0.000,0.00,0.000,0
-27.56,-95.88,0.69,0.6741,0.6559,0.3397,-0.0043,-4.59,8.83,-0.95,-0.38,0.38,-0.88,10.00,2,0.20,0.0905,-0.1774,0,0.000,0.000,0.00,0.000,0
-27.62,-95.94,0.75,0.6738,0.6562,0.3398,-0.0045,-4.55,8.80,-0.96,-0.38,0.62,-0.25,9.95,2,0.20,0.0904,-0.1775,0,0.000,0.000,0.00,0.000,0
-27.62,-95.94,0.75,0.6738,0.6561,0.3397,-0.0045,-4.65,8.88,-0.98,-1.88,0.50,2.25,10.07,2,0.20,0.0904,-0.1775,0,0.000,0.000,0.00,0.000,0
phase1 acc_mag=9.934 gravity=10.013 motion=0.079 moving_avg=0.218 rms=0.342 mean_rms=0.576 max_rms=0.623 min_rms=0.342 std=0.060 var=0.004 state=standing thr=0.697/0.897/1.397
-27.62,-96.06,0.81,0.6732,0.6566,0.3401,-0.0050,-4.68,8.98,-1.09,1.38,1.06,-1.75,10.18,2,0.20,0.0903,-0.1775,0,0.000,0.000,0.00,0.000,0
-27.69,-96.06,0.88,0.6732,0.6566,0.3401,-0.0053,-4.59,8.83,-1.00,-0.56,-0.75,0.50,10.00,2,0.20,0.0902,-0.1775,0,0.000,0.000,0.00,0.000,0
-27.62,-96.06,0.94,0.6731,0.6571,0.3393,-0.0058,-4.63,8.87,-1.02,2.50,-2.31,0.88,10.06,2,0.20,0.0898,-0.1777,0,0.000,0.000,0.00,0.000,0
phase1 acc_mag=10.002 gravity=10.002 motion=0.000 moving_avg=0.133 rms=0.190 mean_rms=0.507 max_rms=0.623 min_rms=0.190 std=0.146 var=0.021 state=standing thr=0.799/0.999/1.499
-27.56,-96.00,0.94,0.6735,0.6570,0.3386,-0.0057,-4.61,8.83,-0.91,1.69,1.31,-3.06,10.00,2,0.20,0.0897,-0.1778,0,0.000,0.000,0.00,0.000,0
-27.56,-96.00,0.94,0.6733,0.6573,0.3386,-0.0056,-4.53,8.99,-1.02,1.69,1.00,2.50,10.12,2,0.20,0.0897,-0.1778,0,0.000,0.000,0.00,0.000,0
-27.75,-96.12,1.00,0.6725,0.6578,0.3392,-0.0038,-4.90,10.21,-1.30,0.19,7.69,33.81,11.40,2,0.20,0.0902,-0.1775,0,0.000,0.000,0.00,0.000,0
-27.56,-96.44,0.12,0.6709,0.6567,0.3444,-0.0010,-4.68,8.98,-1.09,-3.81,20.88,-1.56,10.18,2,0.20,0.0922,-0.1764,0,0.000,0.000,0.00,0.000,0
phase1 acc_mag=10.329 gravity=9.997 motion=0.332 moving_avg=0.125 rms=0.216 mean_rms=0.422 max_rms=0.620 min_rms=0.149 std=0.178 var=0.032 state=standing thr=0.778/0.978/1.478
-27.88,-96.62,359.88,0.6700,0.6552,0.3491,0.0006,-4.58,8.77,-1.04,-0.25,-4.06,5.50,9.95,2,0.20,0.0937,-0.1755,0,0.000,0.000,0.00,0.000,0
-27.69,-96.75,359.69,0.6692,0.6561,0.3489,0.0016,-4.37,9.04,-1.14,3.56,13.69,-9.88,10.11,2,0.20,0.0938,-0.1754,0,0.000,0.000,0.00,0.000,0
-28.12,-97.00,359.69,0.6680,0.6547,0.3536,0.0020,-4.85,8.64,-1.06,0.75,-10.62,14.56,9.96,2,0.20,0.0950,-0.1747,0,0.000,0.000,0.00,0.000,0
-28.19,-97.56,359.19,0.6647,0.6548,0.3597,0.0043,-5.18,9.11,-1.36,6.31,29.94,-28.19,10.57,2,0.20,0.0968,-0.1735,0,0.000,0.000,0.00,0.000,0
phase1 acc_mag=9.089 gravity=9.985 motion=0.896 moving_avg=0.147 rms=0.260 mean_rms=0.347 max_rms=0.599 min_rms=0.149 std=0.165 var=0.027 state=standing thr=0.676/0.876/1.376
-28.25,-97.94,358.75,0.6617,0.6548,0.3652,0.0067,-4.54,9.14,-1.33,11.50,5.75,2.69,10.29,2,0.20,0.0984,-0.1723,0,0.000,0.000,0.00,0.000,0
-28.62,-98.38,358.81,0.6601,0.6536,0.3701,0.0068,-4.77,8.87,-1.33,3.62,-0.50,8.69,10.16,2,0.20,0.0995,-0.1716,0,0.000,0.000,0.00,0.000,0
-30.00,-99.88,359.56,0.6522,0.6525,0.3858,0.0023,-7.29,8.13,-2.19,-11.94,37.25,-106.19,11.14,2,0.20,0.1012,-0.1699,0,0.000,0.000,0.00,0.000,0
-28.94,-99.56,0.44,0.6522,0.6618,0.3697,-0.0021,-4.76,10.11,-1.96,8.19,23.62,-10.19,11.35,2,0.20,0.0959,-0.1730,0,0.000,0.000,0.00,0.000,0
phase1 acc_mag=9.333 gravity=10.010 motion=0.677 moving_avg=0.308 rms=0.545 mean_rms=0.301 max_rms=0.564 min_rms=0.149 std=0.123 var=0.015 state=standing thr=0.548/0.748/1.248
-29.81,-99.75,0.50,0.6530,0.6562,0.3783,-0.0029,-4.20,9.42,-1.72,23.31,-16.81,31.81,10.46,2,0.20,0.0981,-0.1718,0,0.000,0.000,0.00,0.000,0
-29.94,-99.69,0.50,0.6534,0.6551,0.3793,-0.0028,-5.49,9.06,-1.69,1.75,-0.31,4.19,10.73,2,0.20,0.0984,-0.1717,0,0.000,0.000,0.00,0.000,0
-29.31,-99.25,359.75,0.6555,0.6555,0.3751,0.0014,-4.00,8.63,-1.27,-3.50,19.62,22.25,9.60,2,0.20,0.0987,-0.1717,0,0.000,0.000,0.00,0.000,0
phase1 acc_mag=11.380 gravity=10.021 motion=1.359 moving_avg=0.390 rms=0.603 mean_rms=0.321 max_rms=0.603 min_rms=0.149 std=0.148 var=0.022 state=standing thr=0.618/0.818/1.318
-30.94,-101.75,359.50,0.6422,0.6517,0.4036,0.0028,-6.78,8.90,-2.08,-1.81,51.56,-29.06,11.38,2,0.20,0.1044,-0.1670,0,0.000,0.000,0.00,0.000,0
-30.88,-100.69,359.38,0.6488,0.6469,0.4007,0.0031,-5.10,8.35,-2.93,-13.75,3.50,-17.50,10.21,2,0.20,0.1048,-0.1674,0,0.000,0.000,0.00,0.000,0
-31.44,-101.50,359.31,0.6439,0.6466,0.4091,0.0037,-6.10,9.54,-2.14,-17.38,1.25,-2.44,11.52,2,0.20,0.1063,-0.1659,0,0.000,0.000,0.00,0.000,0
-31.06,-101.38,359.19,0.6443,0.6486,0.4051,0.0043,-5.09,9.52,-2.06,-2.31,5.75,-1.56,10.99,2,0.20,0.1055,-0.1665,0,0.000,0.000,0.00,0.000,0
phase1 acc_mag=9.632 gravity=10.047 motion=0.416 moving_avg=0.555 rms=0.769 mean_rms=0.410 max_rms=0.769 min_rms=0.149 std=0.199 var=0.039 state=standing thr=0.807/1.007/1.507
-31.12,-101.69,359.00,0.6431,0.6482,0.4078,0.0057,-5.40,9.16,-2.03,-5.12,-3.31,2.56,10.83,2,0.20,0.1064,-0.1658,0,0.000,0.000,0.00,0.000,0
-31.06,-101.62,358.88,0.6431,0.6485,0.4072,0.0060,-5.17,8.80,-1.85,1.31,3.88,-1.62,10.37,2,0.20,0.1063,-0.1658,0,0.000,0.000,0.00,0.000,0
-31.31,-101.44,359.25,0.6450,0.6483,0.4045,0.0054,-5.83,10.13,-2.06,19.81,-10.62,5.06,11.87,2,0.20,0.1058,-0.1664,0,0.000,0.000,0.00,0.000,0
-30.62,-102.50,358.00,0.6377,0.6515,0.4108,0.0110,-5.08,8.28,-1.15,18.31,51.19,-8.94,9.78,2,0.20,0.1077,-0.1644,0,0.000,0.000,0.00,0.000,0
phase1 acc_mag=9.900 gravity=10.044 motion=0.144 moving_avg=0.618 rms=0.816 mean_rms=0.530 max_rms=0.816 min_rms=0.213 std=0.211 var=0.045 state=standing thr=0.953/1.153/1.653
-29.12,-103.94,355.44,0.6278,0.6587,0.4139,0.0248,-8.19,5.84,-0.83,-5.88,-19.88,59.62,10.09,2,0.20,0.1105,-0.1613,0,0.000,0.000,0.00,0.000,0
-21.69,-107.19,346.31,0.5977,0.6952,0.3929,0.0715,-5.37,9.47,-3.44,146.12,126.62,105.44,11.42,2,0.20,0.1138,-0.1550,0,0.000,0.000,0.00,0.000,0
-13.19,-109.62,336.25,0.5676,0.7329,0.3557,0.1191,-4.50,10.93,-3.03,31.44,51.25,33.94,12.20,2,0.20,0.1157,-0.1494,0,0.000,0.000,0.00,0.000,0
-6.44,-109.81,327.94,0.5517,0.7505,0.3250,0.1636,0.49,10.44,-2.94,-11.25,100.62,-40.19,10.86,2,0.20,0.1208,-0.1444,0,0.000,0.000,0.00,0.000,0
phase1 acc_mag=5.408 gravity=10.149 motion=4.741 moving_avg=1.060 rms=1.738 mean_rms=0.787 max_rms=1.738 min_rms=0.261 std=0.397 var=0.158 state=slow thr=1.581/1.781/2.281
-7.00,-111.19,325.81,0.5411,0.7496,0.3430,0.1661,-6.81,7.62,-5.25,-27.19,78.25,-142.62,11.49,2,0.20,0.1241,-0.1395,0,0.000,0.000,0.00,0.000,0
-4.75,-118.12,322.06,0.4829,0.7861,0.3484,0.1655,-8.27,16.53,-5.27,116.12,22.94,-70.75,19.22,2,0.20,0.1193,-0.1288,0,0.000,0.000,0.00,0.000,0
-7.62,-115.12,326.44,0.5152,0.7626,0.3592,0.1552,-5.30,7.12,-3.42,-7.06,37.50,-187.88,9.51,2,0.20,0.1214,-0.1349,0,0.000,0.000,0.00,0.000,0
-11.19,-90.38,337.62,0.6913,0.6561,0.2703,0.1365,4.51,-6.50,1.16,-479.25,-298.00,81.75,8.00,2,0.20,0.1106,-0.1667,0,0.000,0.000,0.00,0.000,0
phase1 acc_mag=10.881 gravity=10.843 motion=0.038 moving_avg=1.862 rms=3.800 mean_rms=1.269 max_rms=3.800 min_rms=0.549 std=0.868 var=0.753 state=running thr=3.004/3.204/3.704
-11.31,-73.75,350.12,0.7952,0.5770,0.1737,0.0686,3.23,0.09,3.56,-324.62,-269.25,-36.94,4.81,0,1.70,0.0711,-0.1787,0,0.000,0.000,0.00,0.000,0
-10.44,-65.75,357.75,0.8375,0.5332,0.1188,0.0161,-2.38,8.66,2.46,-140.81,-150.62,-12.12,9.31,0,1.70,0.0432,-0.1779,0,0.000,0.000,0.00,0.000,0
-8.06,-57.25,2.88,0.8805,0.4684,0.0676,-0.0277,-3.55,7.03,3.49,-111.44,-43.50,-58.81,8.61,0,1.70,0.0186,-0.1657,0,0.000,0.000,0.00,0.000,0
-6.75,-48.94,6.62,0.9073,0.4150,0.0410,-0.0530,-2.93,9.32,5.30,-140.06,-13.31,-46.75,11.11,0,1.70,0.0061,-0.1515,0,0.000,0.000,0.00,0.000,0
phase1 acc_mag=9.253 gravity=10.723 motion=1.469 moving_avg=2.189 rms=3.967 mean_rms=1.973 max_rms=3.967 min_rms=0.606 std=1.283 var=1.645 state=standing thr=4.538/4.738/5.238
-5.88,-39.69,9.06,0.9366,0.3413,0.0277,-0.0745,-7.70,8.22,8.45,-110.50,-65.31,3.94,14.08,0,1.70,0.0002,-0.1287,0,0.000,0.000,0.00,0.000,0
-7.38,-34.94,14.50,0.9443,0.3047,0.0295,-0.1207,2.31,8.37,8.25,59.31,-13.00,11.31,11.98,0,1.70,-0.0036,-0.1165,0,0.000,0.000,0.00,0.000,0
-6.12,-37.94,14.31,0.9370,0.3284,0.0162,-0.1177,-1.11,0.53,8.82,30.56,-55.50,17.62,8.91,0,1.70,-0.0094,-0.1239,0,0.000,0.000,0.00,0.000,0
-0.75,-43.19,13.44,0.9216,0.3706,-0.0495,-0.1038,-2.41,4.66,6.36,68.56,-95.19,42.06,8.24,0,1.70,-0.0336,-0.1346,0,0.000,0.000,0.00,0.000,0
phase1 acc_mag=8.816 gravity=10.920 motion=2.104 moving_avg=2.325 rms=4.035 mean_rms=2.693 max_rms=4.035 min_rms=0.775 std=1.297 var=1.682 state=standing thr=5.286/5.486/5.986
10.81,-47.25,8.12,0.9104,0.3868,-0.1312,-0.0651,20.11,11.10,6.29,-56.44,-18.75,149.25,23.82,0,1.70,-0.0579,-0.1375,0,0.000,0.000,0.00,0.000,0
-1.12,-26.94,20.81,0.9574,0.2228,-0.0358,-0.1800,0.42,-10.40,8.63,-90.38,-73.94,-30.12,13.52,0,1.70,-0.0298,-0.0828,0,0.000,0.000,0.00,0.000,0
-1.94,-32.25,21.94,0.9429,0.2760,-0.0353,-0.1829,-1.87,11.50,7.24,-46.88,44.81,-75.44,13.72,0,1.70,-0.0335,-0.1015,0,0.000,0.000,0.00,0.000,0
-3.94,-31.44,25.25,0.9380,0.2770,-0.0220,-0.2068,-0.60,16.19,9.49,54.12,45.56,29.94,18.78,0,1.70,-0.0312,-0.1021,0,0.000,0.000,0.00,0.000,0
phase1 acc_mag=13.049 gravity=11.484 motion=1.565 moving_avg=2.616 rms=4.295 mean_rms=3.400 max_rms=4.316 min_rms=1.450 std=1.008 var=1.016 state=standing thr=5.415/5.615/6.115
-5.12,-20.94,30.50,0.9476,0.1872,-0.0040,-0.2589,3.43,13.46,2.20,-330.19,-105.88,31.94,14.06,0,1.70,-0.0209,-0.0705,0,0.000,0.000,0.00,0.000,0
-1.94,-3.62,32.44,0.9595,0.0353,0.0078,-0.2795,3.19,3.14,6.08,-94.19,-143.06,79.62,7.55,0,1.70,-0.0009,-0.0144,0,0.000,0.000,0.00,0.000,0
5.06,5.94,32.56,0.9575,-0.0621,-0.0280,-0.2802,3.38,-3.86,9.43,-109.00,-86.50,-17.44,10.74,0,1.70,-0.0038,0.0269,1,0.908,0.000,0.00,0.908,0
8.88,6.06,35.69,0.9454,-0.0766,-0.0626,-0.3105,1.25,-0.10,9.42,-15.12,-61.75,-68.31,9.50,0,1.70,-0.0141,0.0367,1,0.908,0.000,0.00,0.908,0
phase1 acc_mag=9.826 gravity=11.438 motion=1.613 moving_avg=2.834 rms=4.429 mean_rms=3.969 max_rms=4.515 min_rms=1.958 std=0.549 var=0.302 state=standing thr=5.067/5.267/5.767
12.62,5.19,40.56,0.9313,-0.0800,-0.0880,-0.3444,3.46,-1.23,8.90,11.44,-24.25,-82.75,9.63,0,1.70,-0.0217,0.0419,1,0.908,0.000,0.00,0.908,0
13.31,2.62,45.19,0.9157,-0.0631,-0.0980,-0.3845,3.78,-1.58,8.20,19.31,18.06,-35.25,9.17,0,1.70,-0.0262,0.0382,1,0.908,0.000,0.00,0.908,0
10.69,-0.56,46.81,0.9136,-0.0326,-0.0877,-0.3956,1.22,0.46,8.93,47.69,26.38,-0.94,9.02,0,1.70,-0.0269,0.0258,1,0.908,0.000,0.00,0.908,0
8.00,-1.81,45.69,0.9190,-0.0126,-0.0708,-0.3876,0.66,2.56,8.12,36.94,63.94,40.75,8.54,0,1.70,-0.0241,0.0156,1,0.908,0.000,0.00,0.908,0
phase1 acc_mag=8.589 gravity=10.797 motion=2.208 moving_avg=2.217 rms=2.917 mean_rms=4.030 max_rms=4.515 min_rms=2.908 std=0.427 var=0.183 state=standing thr=4.885/5.085/5.585
5.06,-0.88,44.00,0.9261,-0.0093,-0.0443,-0.3745,0.78,1.45,6.33,22.94,37.88,29.25,6.54,0,1.70,-0.0150,0.0101,1,0.908,0.000,0.00,0.908,0
2.56,-1.62,40.44,0.9380,0.0060,-0.0261,-0.3455,1.06,1.81,9.49,25.25,-3.56,70.06,9.72,0,1.70,-0.0106,0.0014,1,0.908,0.000,0.00,0.908,0
0.50,-0.88,36.31,0.9500,0.0061,-0.0067,-0.3120,-0.59,-0.13,10.68,6.06,60.62,60.38,10.70,0,1.70,-0.0033,-0.0015,1,0.908,0.000,0.00,0.908,0
0.00,-4.44,31.00,0.9639,0.0383,-0.0115,-0.2632,0.29,4.20,8.22,11.00,-8.44,47.94,9.24,0,1.70,-0.0085,-0.0135,1,0.908,0.000,0.00,0.908,0
phase1 acc_mag=8.704 gravity=10.596 motion=1.892 moving_avg=2.208 rms=2.947 mean_rms=3.822 max_rms=4.515 min_rms=2.908 std=0.613 var=0.376 state=standing thr=5.048/5.248/5.748
0.94,-4.19,2.00,0.9991,0.0365,-0.0094,-0.0179,1.52,-3.72,9.18,68.00,-27.31,-106.44,10.02,0,1.70,-0.0040,-0.0145,1,0.908,0.000,0.00,0.908,0
0.94,-5.19,4.88,0.9982,0.0453,-0.0144,-0.0354,-2.91,-2.11,12.83,4.50,-41.44,87.88,13.32,0,1.70,-0.0064,-0.0179,1,0.908,0.000,0.00,0.908,0
-2.75,0.12,2.31,0.9995,-0.0010,0.0244,-0.0203,-0.28,2.38,8.53,27.44,108.38,47.50,8.86,0,1.70,0.0097,0.0002,1,0.908,0.000,0.00,0.908,0
BNO055 NOT found! Expected 0xA0, got 0xFF
BNO055 detected! Chip ID: 0xA0
BNO055 initialized successfully!
roll,pitch,yaw,qw,qx,qy,qz,accx,accy,accz,gyrox,gyroy,gyroz,svm,state,z_v,lever_offx,lever_offy,steps,stride_m,velocity_mps,cadence_spm,distance_m,step_flag
phase1 acc_mag=9.143 gravity=9.143 motion=0.000 moving_avg=0.000 rms=0.000 mean_rms=0.000 max_rms=0.000 min_rms=0.000 std=0.000 var=0.000 state=standing thr=0.080/0.350/0.850
0.00,0.00,0.00,0.0000,0.0000,0.0000,0.0000,-2.64,-3.32,8.10,8.81,0.75,11.00,9.14,0,1.70,0.0000,0.0000,0,0.000,0.000,0.00,0.000,0
-14.81,25.69,359.19,0.9671,-0.2180,0.1308,0.0072,-2.84,-3.91,8.40,-3.25,0.75,6.44,9.69,0,1.70,0.0500,0.0847,0,0.000,0.000,0.00,0.000,0
-14.56,26.00,358.94,0.9667,-0.2216,0.1279,0.0084,-2.36,-3.51,8.34,-11.50,-5.00,-6.06,9.35,0,1.70,0.0487,0.0861,0,0.000,0.000,0.00,0.000,0
-14.38,26.69,0.19,0.9659,-0.2239,0.1295,-0.0029,-2.70,-4.27,8.75,15.88,8.06,-9.06,10.10,0,1.70,0.0503,0.0864,0,0.000,0.000,0.00,0.000,0
phase1 acc_mag=10.063 gravity=9.700 motion=0.363 moving_avg=0.251 rms=0.349 mean_rms=0.251 max_rms=0.365 min_rms=0.000 std=0.077 var=0.006 state=standing thr=0.406/0.606/1.106
-13.94,25.75,2.00,0.9678,-0.2156,0.1284,-0.0171,-2.11,-2.75,7.97,43.88,-2.81,-8.50,8.69,0,1.70,0.0512,0.0826,0,0.000,0.000,0.00,0.000,0
-11.75,24.69,3.38,0.9715,-0.2073,0.1112,-0.0289,-3.02,-4.75,8.99,16.19,-58.38,-62.75,10.61,0,1.70,0.0456,0.0793,0,0.000,0.000,0.00,0.000,0
-1.94,23.44,2.81,0.9786,-0.2031,0.0226,-0.0244,2.40,-2.30,6.24,-69.56,-179.19,67.44,7.07,0,1.70,0.0108,0.0793,0,0.000,0.000,0.00,0.000,0
-1.62,24.50,1.88,0.9770,-0.2119,0.0181,-0.0162,-1.13,-3.03,8.48,16.50,61.12,29.19,9.08,0,1.70,0.0085,0.0827,0,0.000,0.000,0.00,0.000,0
phase1 acc_mag=10.666 gravity=9.788 motion=0.877 moving_avg=0.706 rms=1.084 mean_rms=0.481 max_rms=1.109 min_rms=0.000 std=0.315 var=0.099 state=standing thr=1.110/1.310/1.810
-4.56,23.00,1.75,0.9790,-0.1984,0.0439,-0.0150,-2.52,1.45,7.35,34.31,23.25,0.88,7.90,0,1.70,0.0184,0.0774,0,0.000,0.000,0.00,0.000,0
-5.88,23.50,0.38,0.9778,-0.2028,0.0532,-0.0032,0.04,-2.17,8.08,10.88,-13.12,41.50,8.37,0,1.70,0.0211,0.0793,0,0.000,0.000,0.00,0.000,0
-6.31,23.81,357.94,0.9767,-0.2073,0.0522,0.0187,-1.18,-3.62,8.82,-8.06,-11.81,12.44,9.61,0,1.70,0.0188,0.0814,0,0.000,0.000,0.00,0.000,0
-5.62,24.50,357.50,0.9758,-0.2128,0.0458,0.0209,-0.60,-3.97,8.66,-6.19,-6.06,-7.69,9.55,0,1.70,0.0161,0.0834,0,0.000,0.000,0.00,0.000,0
phase1 acc_mag=9.234 gravity=9.725 motion=0.491 moving_avg=0.743 rms=1.079 mean_rms=0.692 max_rms=1.185 min_rms=0.000 std=0.401 var=0.161 state=standing thr=1.494/1.694/2.194
-5.44,24.56,357.69,0.9758,-0.2134,0.0444,0.0193,-0.70,-3.70,8.59,-1.62,-1.56,0.38,9.38,0,1.70,0.0157,0.0836,0,0.000,0.000,0.00,0.000,0
-5.19,24.75,357.88,0.9756,-0.2143,0.0428,0.0175,-0.48,-4.04,8.47,2.25,1.25,-4.75,9.40,0,1.70,0.0152,0.0839,0,0.000,0.000,0.00,0.000,0
-5.25,24.81,358.38,0.9755,-0.2150,0.0441,0.0136,-1.10,-4.05,8.80,-3.44,8.69,-4.56,9.75,0,1.70,0.0160,0.0841,0,0.000,0.000,0.00,0.000,0
-5.50,25.31,358.12,0.9744,-0.2196,0.0459,0.0159,-0.45,-4.13,8.59,-10.56,4.19,9.44,9.54,0,1.70,0.0165,0.0859,0,0.000,0.000,0.00,0.000,0
phase1 acc_mag=9.653 gravity=9.669 motion=0.016 moving_avg=0.612 rms=0.946 mean_rms=0.768 max_rms=1.185 min_rms=0.000 std=0.374 var=0.140 state=standing thr=1.517/1.717/2.217
-5.81,25.62,357.88,0.9737,-0.2221,0.0482,0.0178,-0.95,-3.63,8.70,2.38,6.62,-0.44,9.47,0,1.70,0.0172,0.0868,0,0.000,0.000,0.00,0.000,0
-5.56,25.81,358.56,0.9735,-0.2234,0.0474,0.0118,-0.84,-4.06,8.82,4.25,-3.12,-9.38,9.75,0,1.70,0.0174,0.0872,0,0.000,0.000,0.00,0.000,0
-4.50,25.44,359.56,0.9748,-0.2197,0.0388,0.0028,-0.44,-4.20,8.47,7.19,-11.56,-13.06,9.46,0,1.70,0.0149,0.0857,0,0.000,0.000,0.00,0.000,0
-4.19,24.94,0.00,0.9757,-0.2159,0.0375,-0.0002,-1.00,-3.65,8.69,5.38,5.81,-11.88,9.48,0,1.70,0.0147,0.0843,0,0.000,0.000,0.00,0.000,0
phase1 acc_mag=9.544 gravity=9.657 motion=0.113 moving_avg=0.561 rms=0.885 mean_rms=0.842 max_rms=1.185 min_rms=0.204 std=0.306 var=0.094 state=standing thr=1.454/1.654/2.154
-3.81,24.88,0.62,0.9760,-0.2152,0.0350,-0.0053,-0.22,-4.10,8.60,-4.56,-3.69,1.38,9.53,0,1.70,0.0141,0.0839,0,0.000,0.000,0.00,0.000,0
-3.50,25.00,0.94,0.9758,-0.2160,0.0334,-0.0083,-0.58,-5.03,8.83,-10.19,-3.88,-3.88,10.18,0,1.70,0.0138,0.0842,0,0.000,0.000,0.00,0.000,0
-3.44,25.19,1.06,0.9755,-0.2175,0.0329,-0.0093,-0.56,-3.84,8.61,3.75,-0.31,1.31,9.44,0,1.70,0.0136,0.0847,0,0.000,0.000,0.00,0.000,0
-3.50,25.38,0.75,0.9750,-0.2193,0.0334,-0.0063,-0.51,-5.02,9.66,0.62,1.12,4.94,10.90,0,1.70,0.0136,0.0854,0,0.000,0.000,0.00,0.000,0
phase1 acc_mag=9.390 gravity=9.546 motion=0.156 moving_avg=0.595 rms=0.926 mean_rms=0.974 max_rms=1.185 min_rms=0.515 std=0.133 var=0.018 state=standing thr=1.240/1.440/1.940
-3.44,25.44,359.94,0.9750,-0.2200,0.0312,0.0002,-0.65,-3.73,8.41,3.69,-0.50,2.62,9.22,0,1.70,0.0122,0.0858,0,0.000,0.000,0.00,0.000,0
-3.75,25.81,358.62,0.9741,-0.2236,0.0310,0.0115,-0.32,-4.53,8.77,-4.31,-5.00,18.50,9.88,0,1.70,0.0110,0.0873,0,0.000,0.000,0.00,0.000,0
-4.00,26.06,357.44,0.9734,-0.2261,0.0310,0.0217,-0.35,-4.07,8.73,-5.81,0.56,7.88,9.64,0,1.70,0.0101,0.0883,0,0.000,0.000,0.00,0.000,0
phase1 acc_mag=9.588 gravity=9.468 motion=0.120 moving_avg=0.324 rms=0.487 mean_rms=0.920 max_rms=1.185 min_rms=0.487 std=0.149 var=0.022 state=standing thr=1.217/1.417/1.917
-3.94,26.44,357.19,0.9724,-0.2300,0.0299,0.0237,-0.40,-4.26,8.58,-6.00,-1.44,-1.19,9.59,0,1.70,0.0094,0.0898,0,0.000,0.000,0.00,0.000,0
-3.56,26.31,357.94,0.9733,-0.2272,0.0283,0.0165,-0.51,-3.89,8.41,10.44,2.31,-5.56,9.28,0,1.70,0.0095,0.0886,0,0.000,0.000,0.00,0.000,0
-3.94,25.56,358.00,0.9745,-0.2216,0.0314,0.0169,-0.53,-3.83,8.82,11.69,2.69,2.69,9.63,0,1.70,0.0108,0.0866,0,0.000,0.000,0.00,0.000,0
-4.31,25.62,357.31,0.9741,-0.2222,0.0339,0.0226,-0.33,-4.42,8.49,-5.44,-5.00,22.19,9.58,0,1.70,0.0112,0.0869,0,0.000,0.000,0.00,0.000,0
phase1 acc_mag=9.271 gravity=9.475 motion=0.204 moving_avg=0.284 rms=0.446 mean_rms=0.789 max_rms=1.027 min_rms=0.446 std=0.204 var=0.041 state=standing thr=1.196/1.396/1.896
-5.19,25.12,355.44,0.9745,-0.2176,0.0382,0.0390,-0.63,-4.18,8.71,12.31,0.56,6.62,9.68,0,1.70,0.0115,0.0854,0,0.000,0.000,0.00,0.000,0
-5.44,24.44,355.69,0.9755,-0.2130,0.0406,0.0367,-0.79,-4.20,8.68,12.44,5.81,-9.56,9.68,0,1.70,0.0127,0.0837,0,0.000,0.000,0.00,0.000,0
-4.88,23.44,356.88,0.9781,-0.2032,0.0380,0.0251,-1.06,-3.81,8.76,9.50,-1.69,-16.19,9.61,0,1.70,0.0128,0.0799,0,0.000,0.000,0.00,0.000,0
-4.38,22.56,358.00,0.9802,-0.1945,0.0353,0.0157,-0.96,-3.29,8.69,19.19,-0.56,-15.69,9.34,0,1.70,0.0126,0.0765,0,0.000,0.000,0.00,0.000,0
phase1 acc_mag=9.546 gravity=9.471 motion=0.075 moving_avg=0.269 rms=0.435 mean_rms=0.673 max_rms=0.943 min_rms=0.435 std=0.218 var=0.047 state=standing thr=1.109/1.309/1.809
-3.50,20.88,359.81,0.9830,-0.1812,0.0309,0.0014,-1.41,-3.56,8.38,37.56,-14.69,-46.75,9.21,0,1.70,0.0120,0.0713,0,0.000,0.000,0.00,0.000,0
0.25,18.38,2.69,0.9875,-0.1565,-0.0002,-0.0209,2.22,-2.34,8.92,40.62,-47.81,-110.31,9.49,0,1.70,0.0012,0.0618,0,0.000,0.000,0.00,0.000,0
1.44,16.12,5.25,0.9890,-0.1408,-0.0063,-0.0457,1.09,-1.40,8.84,36.31,-22.38,-66.75,9.02,0,1.70,0.0001,0.0558,0,0.000,0.000,0.00,0.000,0
1.38,15.75,4.88,0.9896,-0.1378,-0.0067,-0.0423,0.00,-2.36,9.12,-11.38,-3.88,0.19,9.42,0,1.70,-0.0003,0.0546,0,0.000,0.000,0.00,0.000,0
phase1 acc_mag=9.772 gravity=9.519 motion=0.254 moving_avg=0.274 rms=0.424 mean_rms=0.587 max_rms=0.943 min_rms=0.424 std=0.193 var=0.037 state=standing thr=0.973/1.173/1.673
1.81,17.06,3.44,0.9880,-0.1506,-0.0131,-0.0295,0.56,-2.67,8.75,-17.44,-16.12,5.56,9.17,0,1.70,-0.0034,0.0597,0,0.000,0.000,0.00,0.000,0
2.94,18.00,3.00,0.9870,-0.1572,-0.0219,-0.0261,0.59,-3.35,9.14,-4.94,-10.69,0.56,9.75,0,1.70,-0.0070,0.0623,0,0.000,0.000,0.00,0.000,0
4.00,17.56,3.81,0.9871,-0.1536,-0.0303,-0.0329,0.47,-3.05,9.58,10.31,-14.88,-46.38,10.06,0,1.70,-0.0100,0.0610,0,0.000,0.000,0.00,0.000,0
4.94,16.75,4.88,0.9873,-0.1470,-0.0394,-0.0461,-0.58,-3.38,9.29,5.94,-4.31,-0.56,9.90,0,1.70,-0.0128,0.0588,0,0.000,0.000,0.00,0.000,0
phase1 acc_mag=9.463 gravity=9.506 motion=0.043 moving_avg=0.281 rms=0.429 mean_rms=0.476 max_rms=0.815 min_rms=0.395 std=0.079 var=0.006 state=standing thr=0.633/0.833/1.333
5.31,16.69,5.50,0.9872,-0.1469,-0.0400,-0.0478,0.79,-2.72,8.82,-1.25,2.62,-6.81,9.26,0,1.70,-0.0130,0.0588,0,0.000,0.000,0.00,0.000,0
5.31,16.50,5.81,0.9873,-0.1456,-0.0396,-0.0502,1.10,-2.48,8.76,2.25,1.12,-4.69,9.17,0,1.70,-0.0127,0.0583,0,0.000,0.000,0.00,0.000,0
5.56,16.19,6.50,0.9869,-0.1415,-0.0457,-0.0627,-3.23,-3.62,8.10,19.00,-43.56,-82.19,9.44,0,1.70,-0.0145,0.0570,0,0.000,0.000,0.00,0.000,0
8.94,14.38,8.12,0.9866,-0.1295,-0.0698,-0.0703,2.16,-1.47,8.92,34.44,-31.75,23.06,9.29,0,1.70,-0.0239,0.0531,0,0.000,0.000,0.00,0.000,0
phase1 acc_mag=9.627 gravity=9.495 motion=0.132 moving_avg=0.308 rms=0.452 mean_rms=0.443 max_rms=0.525 min_rms=0.395 std=0.032 var=0.001 state=standing thr=0.507/0.707/1.207
9.19,17.94,6.88,0.9828,-0.1594,-0.0720,-0.0594,1.20,-3.57,8.63,-182.25,-25.31,46.88,9.42,0,1.70,-0.0245,0.0644,0,0.000,0.000,0.00,0.000,0
10.81,19.06,5.62,0.9818,-0.1610,-0.0894,-0.0473,1.73,-3.48,9.34,85.25,-18.00,4.62,10.12,0,1.70,-0.0320,0.0649,0,0.000,0.000,0.00,0.000,0
10.56,10.56,4.25,0.9908,-0.0948,-0.0890,-0.0370,1.90,-2.98,9.18,148.56,15.38,11.44,9.84,0,1.70,-0.0339,0.0389,0,0.000,0.000,0.00,0.000,0
9.62,2.62,2.56,0.9960,-0.0187,-0.0844,-0.0203,1.14,0.23,9.14,104.50,-2.00,11.31,9.21,0,1.70,-0.0335,0.0082,0,0.000,0.000,0.00,0.000,0
phase1 acc_mag=8.565 gravity=9.508 motion=0.944 moving_avg=0.411 rms=0.609 mean_rms=0.467 max_rms=0.609 min_rms=0.395 std=0.061 var=0.004 state=slow thr=0.589/0.789/1.289
8.56,-1.25,0.94,0.9971,0.0106,-0.0751,-0.0082,1.96,-2.14,10.02,166.81,42.12,-10.69,10.43,0,1.70,-0.0300,-0.0040,0,0.000,0.000,0.00,0.000,0
8.38,-3.19,1.00,0.9969,0.0270,-0.0734,-0.0087,1.46,-0.34,9.18,7.44,5.88,6.88,9.30,0,1.70,-0.0294,-0.0105,0,0.000,0.000,0.00,0.000,0
9.81,-1.00,359.25,0.9960,-0.0002,-0.0887,0.0099,1.18,1.64,8.13,-75.38,-46.38,31.38,8.38,0,1.70,-0.0354,-0.0003,0,0.000,0.000,0.00,0.000,0
10.38,5.88,355.56,0.9938,-0.0473,-0.0925,0.0385,1.95,-1.64,10.06,-22.44,-8.19,-7.31,10.38,0,1.70,-0.0375,0.0174,0,0.000,0.000,0.00,0.000,0
phase1 acc_mag=9.984 gravity=9.464 motion=0.520 moving_avg=0.461 rms=0.627 mean_rms=0.510 max_rms=0.678 min_rms=0.395 std=0.093 var=0.009 state=standing thr=0.696/0.896/1.396
11.38,7.88,2.88,0.9918,-0.0760,-0.0975,-0.0308,1.15,1.15,4.41,-70.38,6.25,-62.12,4.70,0,1.70,-0.0378,0.0313,0,0.000,0.000,0.00,0.000,0
11.56,7.88,2.94,0.9922,-0.0704,-0.0994,-0.0257,2.41,-1.57,9.08,8.44,1.62,-14.62,9.52,0,1.70,-0.0387,0.0290,0,0.000,0.000,0.00,0.000,0
11.56,7.62,2.38,0.9925,-0.0676,-0.0999,-0.0206,1.86,-1.43,8.28,6.38,-8.06,19.75,8.61,0,1.70,-0.0391,0.0276,0,0.000,0.000,0.00,0.000,0
11.81,8.00,1.88,0.9921,-0.0707,-0.1024,-0.0167,1.83,-1.44,8.89,-7.94,-3.88,-0.25,9.19,0,1.70,-0.0402,0.0288,0,0.000,0.000,0.00,0.000,0
phase1 acc_mag=9.292 gravity=9.355 motion=0.064 moving_avg=0.552 rms=0.917 mean_rms=0.600 max_rms=0.918 min_rms=0.395 std=0.184 var=0.034 state=standing thr=0.967/1.167/1.667
12.06,7.88,2.38,0.9919,-0.0702,-0.1040,-0.0208,1.93,-1.69,9.03,2.88,0.12,-7.56,9.39,0,1.70,-0.0407,0.0287,0,0.000,0.000,0.00,0.000,0
12.12,8.00,2.81,0.9916,-0.0712,-0.1045,-0.0248,1.88,-1.70,9.00,1.25,3.38,-0.12,9.35,0,1.70,-0.0407,0.0293,0,0.000,0.000,0.00,0.000,0
12.44,8.56,3.12,0.9910,-0.0764,-0.1071,-0.0269,2.06,-1.58,9.12,1.62,-5.62,5.12,9.48,0,1.70,-0.0416,0.0314,0,0.000,0.000,0.00,0.000,0
12.25,8.31,2.62,0.9914,-0.0739,-0.1055,-0.0230,1.85,-1.11,8.70,3.12,1.12,-1.38,8.96,0,1.70,-0.0412,0.0303,0,0.000,0.000,0.00,0.000,0
phase1 acc_mag=9.456 gravity=9.332 motion=0.124 moving_avg=0.528 rms=0.902 mean_rms=0.708 max_rms=0.918 min_rms=0.413 std=0.188 var=0.035 state=standing thr=1.084/1.284/1.784
12.06,8.50,1.75,0.9916,-0.0757,-0.1043,-0.0137,1.27,-2.06,8.81,-9.56,2.25,21.81,9.14,0,1.70,-0.0410,0.0306,0,0.000,0.000,0.00,0.000,0
12.06,9.38,0.81,0.9911,-0.0816,-0.1052,-0.0075,2.05,-1.98,9.13,-11.31,-4.00,17.25,9.56,0,1.70,-0.0415,0.0327,0,0.000,0.000,0.00,0.000,0
12.00,9.19,359.75,0.9913,-0.0788,-0.1050,0.0021,1.69,-2.02,8.89,-4.88,0.00,38.31,9.27,0,1.70,-0.0417,0.0312,0,0.000,0.000,0.00,0.000,0
11.75,9.31,358.19,0.9913,-0.0786,-0.1042,0.0174,1.66,-2.06,9.26,0.25,-5.75,25.06,9.63,0,1.70,-0.0419,0.0304,0,0.000,0.000,0.00,0.000,0
phase1 acc_mag=9.870 gravity=9.290 motion=0.580 moving_avg=0.474 rms=0.840 mean_rms=0.802 max_rms=0.918 min_rms=0.568 std=0.137 var=0.019 state=standing thr=1.076/1.276/1.776
11.56,9.00,356.81,0.9915,-0.0748,-0.1032,0.0272,1.89,-2.01,9.38,4.75,-1.50,11.19,9.78,0,1.70,-0.0417,0.0286,0,0.000,0.000,0.00,0.000,0
11.56,8.56,356.88,0.9918,-0.0709,-0.1034,0.0266,1.46,-1.89,9.02,10.94,1.25,10.44,9.33,0,1.70,-0.0418,0.0270,0,0.000,0.000,0.00,0.000,0
11.38,8.44,356.75,0.9920,-0.0698,-0.1014,0.0280,1.55,-1.68,8.91,8.44,1.38,0.38,9.20,0,1.70,-0.0410,0.0266,0,0.000,0.000,0.00,0.000,0
