BNO055 NOT found! Expected 0xA0, got 0xFF
BNO055 detected! Chip ID: 0xA0
BNO055 initialized successfully!
roll,pitch,yaw,qw,qx,qy,qz,accx,accy,accz,gyrox,gyroy,gyroz,svm,state,z_v,lever_offx,lever_offy,steps,stride_m,velocity_mps,cadence_spm,cadence_sps,distance_m,step_flag
phase1 acc_mag=9.785 gravity=9.785 motion=0.000 moving_avg=0.000 rms=0.000 mean_rms=0.000 max_rms=0.000 min_rms=0.000 std=0.000 var=0.000 state=standing thr=0.080/0.350/0.850
0.00,0.00,0.00,0.0000,0.0000,0.0000,0.0000,-0.76,-2.26,9.49,1.38,-1.56,-1.12,9.78,0,1.70,0.0000,0.0000,0,0.000,0.000,0.00,0.00,0.000,0
-4.56,12.06,0.00,0.9937,-0.1052,0.0400,-0.0002,-0.78,-1.90,8.99,0.56,2.25,-1.12,9.22,0,1.70,0.0159,0.0418,0,0.000,0.000,0.00,0.00,0.000,0
-4.50,12.12,0.06,0.9936,-0.1057,0.0396,-0.0009,-0.83,-2.05,9.20,-0.12,-0.75,-2.50,9.46,0,1.70,0.0158,0.0420,0,0.000,0.000,0.00,0.00,0.000,0
-4.50,12.12,0.19,0.9936,-0.1054,0.0402,-0.0021,-0.87,-1.98,9.16,-1.19,-0.69,-1.56,9.41,0,1.70,0.0161,0.0419,0,0.000,0.000,0.00,0.00,0.000,0
phase1 acc_mag=9.484 gravity=9.406 motion=0.078 moving_avg=0.100 rms=0.121 mean_rms=0.141 max_rms=0.170 min_rms=0.000 std=0.034 var=0.001 state=standing thr=0.209/0.409/0.909
-4.50,12.19,0.19,0.9936,-0.1059,0.0399,-0.0020,-0.61,-2.09,9.31,-0.75,-1.56,2.12,9.56,0,1.70,0.0159,0.0421,0,0.000,0.000,0.00,0.00,0.000,0
-4.56,12.19,0.19,0.9935,-0.1059,0.0405,-0.0021,-0.91,-1.98,9.21,-0.06,2.44,-2.12,9.46,0,1.70,0.0162,0.0420,0,0.000,0.000,0.00,0.00,0.000,0
-4.50,12.19,0.12,0.9935,-0.1060,0.0402,-0.0015,-0.65,-2.05,9.23,0.50,-2.12,2.19,9.48,0,1.70,0.0160,0.0421,0,0.000,0.000,0.00,0.00,0.000,0
-4.50,12.12,0.06,0.9936,-0.1055,0.0400,-0.0007,-0.61,-2.10,9.18,1.81,0.00,2.19,9.44,0,1.70,0.0159,0.0419,0,0.000,0.000,0.00,0.00,0.000,0
phase1 acc_mag=9.281 gravity=9.446 motion=0.165 moving_avg=0.111 rms=0.132 mean_rms=0.136 max_rms=0.170 min_rms=0.000 std=0.025 var=0.001 state=standing thr=0.186/0.386/0.886
-4.50,12.00,0.06,0.9937,-0.1046,0.0398,-0.0009,-0.74,-1.50,8.71,1.75,-0.25,-1.00,8.87,0,1.70,0.0159,0.0415,0,0.000,0.000,0.00,0.00,0.000,0
-4.31,12.25,0.19,0.9935,-0.1066,0.0386,-0.0021,-1.08,-1.81,9.50,-1.50,4.31,-7.50,9.73,0,1.70,0.0154,0.0423,0,0.000,0.000,0.00,0.00,0.000,0
-4.50,12.44,0.06,0.9933,-0.1083,0.0399,-0.0009,-0.92,-3.16,10.40,-0.31,2.19,0.94,10.91,0,1.70,0.0159,0.0430,0,0.000,0.000,0.00,0.00,0.000,0
-4.69,11.88,359.81,0.9938,-0.1028,0.0413,0.0014,-0.61,-1.20,8.39,9.62,2.56,1.81,8.50,0,1.70,0.0163,0.0409,0,0.000,0.000,0.00,0.00,0.000,0
phase1 acc_mag=8.535 gravity=9.446 motion=0.911 moving_avg=0.272 rms=0.419 mean_rms=0.183 max_rms=0.419 min_rms=0.000 std=0.085 var=0.007 state=slow thr=0.352/0.552/1.052
-4.75,11.94,359.88,0.9937,-0.1039,0.0421,0.0009,-1.06,-1.89,9.07,-7.31,0.31,-4.88,9.33,0,1.70,0.0167,0.0413,0,0.000,0.000,0.00,0.00,0.000,0
-4.81,12.19,0.19,0.9935,-0.1056,0.0427,-0.0023,-0.92,-2.66,9.95,3.62,0.62,-3.25,10.34,0,1.70,0.0170,0.0419,0,0.000,0.000,0.00,0.00,0.000,0
-4.69,11.81,0.12,0.9938,-0.1027,0.0417,-0.0011,-0.71,-1.62,8.88,3.69,-1.31,2.19,9.05,0,1.70,0.0166,0.0408,0,0.000,0.000,0.00,0.00,0.000,0
-4.75,11.81,0.12,0.9938,-0.1027,0.0421,-0.0012,-0.98,-1.83,9.09,-3.56,-0.62,-1.56,9.32,0,1.70,0.0168,0.0408,0,0.000,0.000,0.00,0.00,0.000,0
phase1 acc_mag=9.626 gravity=9.447 motion=0.179 moving_avg=0.333 rms=0.469 mean_rms=0.250 max_rms=0.475 min_rms=0.000 std=0.140 var=0.020 state=standing thr=0.531/0.731/1.231
-4.81,11.94,0.12,0.9937,-0.1040,0.0428,-0.0015,-0.84,-2.26,9.46,0.19,3.94,-0.81,9.76,0,1.70,0.0171,0.0413,0,0.000,0.000,0.00,0.00,0.000,0
-4.88,11.88,0.06,0.9937,-0.1032,0.0432,-0.0007,-0.85,-1.97,9.16,1.81,-0.81,2.94,9.41,0,1.70,0.0172,0.0410,0,0.000,0.000,0.00,0.00,0.000,0
-4.69,11.81,359.94,0.9938,-0.1029,0.0416,0.0003,-0.82,-1.90,9.08,-0.62,-4.56,2.44,9.31,0,1.70,0.0165,0.0409,0,0.000,0.000,0.00,0.00,0.000,0
phase1 acc_mag=9.359 gravity=9.469 motion=0.109 moving_avg=0.308 rms=0.441 mean_rms=0.300 max_rms=0.475 min_rms=0.121 std=0.147 var=0.022 state=standing thr=0.595/0.795/1.295
-4.56,11.81,359.88,0.9938,-0.1031,0.0403,0.0006,-0.67,-1.90,9.14,0.06,-1.19,0.38,9.36,0,1.70,0.0160,0.0410,0,0.000,0.000,0.00,0.00,0.000,0
-4.56,11.88,359.75,0.9938,-0.1032,0.0404,0.0022,-0.61,-1.97,9.07,1.56,1.88,4.31,9.30,0,1.70,0.0160,0.0411,0,0.000,0.000,0.00,0.00,0.000,0
-4.75,11.75,359.69,0.9938,-0.1028,0.0421,0.0023,-1.05,-1.77,9.10,-1.62,1.62,-0.62,9.33,0,1.70,0.0166,0.0409,0,0.000,0.000,0.00,0.00,0.000,0
-4.88,11.94,359.81,0.9937,-0.1041,0.0431,0.0016,-0.91,-2.06,9.33,-2.00,2.38,-2.88,9.60,0,1.70,0.0171,0.0414,0,0.000,0.000,0.00,0.00,0.000,0
phase1 acc_mag=9.701 gravity=9.468 motion=0.233 moving_avg=0.332 rms=0.450 mean_rms=0.362 max_rms=0.475 min_rms=0.122 std=0.130 var=0.017 state=standing thr=0.622/0.822/1.322
-3.81,12.19,355.31,0.9929,-0.1085,0.0266,0.0406,-0.95,-2.59,9.30,-18.62,-29.12,6.06,9.70,0,1.70,0.0088,0.0435,0,0.000,0.000,0.00,0.00,0.000,0
0.44,13.31,356.06,0.9928,-0.1152,-0.0094,0.0326,2.09,-2.76,9.62,6.50,-16.12,-20.12,10.22,0,1.70,-0.0052,0.0456,0,0.000,0.000,0.00,0.00,0.000,0
-0.06,12.50,355.94,0.9934,-0.1093,-0.0028,0.0352,0.00,-1.92,9.01,12.88,42.06,16.75,9.21,0,1.70,-0.0027,0.0434,0,0.000,0.000,0.00,0.00,0.000,0
-1.31,12.12,354.44,0.9931,-0.1065,0.0069,0.0479,-0.68,-1.62,9.13,9.94,2.06,19.00,9.30,0,1.70,0.0007,0.0424,0,0.000,0.000,0.00,0.00,0.000,0
phase1 acc_mag=8.326 gravity=9.577 motion=1.251 moving_avg=0.492 rms=0.686 mean_rms=0.457 max_rms=0.686 min_rms=0.224 std=0.105 var=0.011 state=slow thr=0.666/0.866/1.366
-1.19,12.12,354.06,0.9930,-0.1065,0.0051,0.0510,0.83,-1.38,8.64,-5.38,-5.69,10.69,8.79,0,1.70,-0.0002,0.0424,0,0.000,0.000,0.00,0.00,0.000,0
-1.62,12.31,354.12,0.9928,-0.1078,0.0089,0.0510,-0.63,-2.32,10.02,4.50,3.31,3.88,10.30,0,1.70,0.0013,0.0430,0,0.000,0.000,0.00,0.00,0.000,0
-1.75,11.94,353.88,0.9931,-0.1042,0.0106,0.0526,-0.02,-2.06,9.56,6.38,5.19,1.62,9.78,0,1.70,0.0020,0.0416,0,0.000,0.000,0.00,0.00,0.000,0
phase1 acc_mag=10.048 gravity=9.622 motion=0.426 moving_avg=0.466 rms=0.662 mean_rms=0.536 max_rms=0.715 min_rms=0.427 std=0.105 var=0.011 state=standing thr=0.745/0.945/1.445
-1.88,11.75,353.88,0.9932,-0.1033,0.0110,0.0527,-0.43,-2.13,9.81,0.62,-1.00,1.12,10.05,0,1.70,0.0022,0.0413,0,0.000,0.000,0.00,0.00,0.000,0
-2.00,11.56,353.69,0.9932,-0.1017,0.0123,0.0544,-0.52,-1.80,9.45,2.06,0.75,-2.12,9.63,0,1.70,0.0027,0.0407,0,0.000,0.000,0.00,0.00,0.000,0
-2.00,11.50,353.75,0.9933,-0.1013,0.0124,0.0541,-0.20,-1.93,9.33,-0.06,1.06,-0.12,9.53,0,1.70,0.0027,0.0405,0,0.000,0.000,0.00,0.00,0.000,0
-2.00,11.50,353.88,0.9933,-0.1014,0.0122,0.0532,-0.24,-1.93,9.59,0.06,-2.44,3.31,9.79,0,1.70,0.0027,0.0405,0,0.000,0.000,0.00,0.00,0.000,0
phase1 acc_mag=9.417 gravity=9.648 motion=0.231 moving_avg=0.391 rms=0.615 mean_rms=0.568 max_rms=0.715 min_rms=0.441 std=0.103 var=0.011 state=standing thr=0.775/0.975/1.475
-2.00,11.50,353.81,0.9933,-0.1014,0.0121,0.0536,-0.39,-1.94,9.53,-1.19,-0.88,-1.62,9.73,0,1.70,0.0027,0.0406,0,0.000,0.000,0.00,0.00,0.000,0
-1.88,11.56,353.75,0.9933,-0.1017,0.0112,0.0538,-0.30,-2.02,9.49,-0.56,-2.31,1.69,9.71,0,1.70,0.0022,0.0407,0,0.000,0.000,0.00,0.00,0.000,0
-1.88,11.56,353.69,0.9933,-0.1014,0.0109,0.0547,-0.26,-1.88,9.51,-0.44,-1.31,2.75,9.70,0,1.70,0.0021,0.0405,0,0.000,0.000,0.00,0.00,0.000,0
-1.81,11.56,353.50,0.9932,-0.1016,0.0107,0.0561,-0.41,-1.99,9.54,-1.19,-1.56,2.69,9.75,0,1.70,0.0020,0.0406,0,0.000,0.000,0.00,0.00,0.000,0
phase1 acc_mag=9.759 gravity=9.695 motion=0.064 moving_avg=0.376 rms=0.611 mean_rms=0.604 max_rms=0.715 min_rms=0.442 std=0.081 var=0.007 state=standing thr=0.767/0.967/1.467
-1.81,11.56,353.38,0.9931,-0.1017,0.0101,0.0572,-0.19,-1.94,9.56,-0.25,-1.50,2.25,9.76,0,1.70,0.0017,0.0406,0,0.000,0.000,0.00,0.00,0.000,0
-1.62,11.69,353.12,0.9929,-0.1020,0.0092,0.0606,0.92,-2.23,9.87,6.31,5.25,15.62,10.16,0,1.70,0.0012,0.0407,0,0.000,0.000,0.00,0.00,0.000,0
-2.19,11.44,352.75,0.9928,-0.1010,0.0132,0.0627,-0.70,-1.93,9.94,-2.25,-0.31,-7.50,10.15,0,1.70,0.0027,0.0404,0,0.000,0.000,0.00,0.00,0.000,0
-2.12,11.38,352.94,0.9930,-0.1003,0.0128,0.0609,-0.16,-2.12,9.72,3.75,3.00,-2.62,9.95,0,1.70,0.0026,0.0401,0,0.000,0.000,0.00,0.00,0.000,0
phase1 acc_mag=9.544 gravity=9.696 motion=0.152 moving_avg=0.372 rms=0.564 mean_rms=0.639 max_rms=0.715 min_rms=0.564 std=0.037 var=0.001 state=standing thr=0.712/0.912/1.412
-2.31,11.19,352.81,0.9930,-0.0989,0.0145,0.0620,-0.58,-1.96,9.28,2.94,5.19,-0.94,9.50,0,1.70,0.0033,0.0396,0,0.000,0.000,0.00,0.00,0.000,0
-2.31,11.12,353.12,0.9933,-0.0981,0.0149,0.0592,-0.32,-1.86,9.74,1.06,-1.12,-6.06,9.92,0,1.70,0.0036,0.0393,0,0.000,0.000,0.00,0.00,0.000,0
-2.44,11.00,353.56,0.9936,-0.0972,0.0164,0.0552,-0.45,-1.82,9.50,0.12,4.88,-3.94,9.68,0,1.70,0.0044,0.0390,0,0.000,0.000,0.00,0.00,0.000,0
-2.56,11.12,353.81,0.9936,-0.0980,0.0176,0.0536,-0.74,-1.91,9.80,-0.50,2.19,-2.06,10.01,0,1.70,0.0049,0.0393,0,0.000,0.000,0.00,0.00,0.000,0
phase1 acc_mag=10.034 gravity=9.755 motion=0.279 moving_avg=0.247 rms=0.386 mean_rms=0.603 max_rms=0.715 min_rms=0.386 std=0.075 var=0.006 state=standing thr=0.754/0.954/1.454
-2.56,11.06,353.75,0.9936,-0.0977,0.0176,0.0537,-0.45,-1.72,9.35,1.62,-0.06,-0.56,9.52,0,1.70,0.0049,0.0392,0,0.000,0.000,0.00,0.00,0.000,0
-2.50,11.06,353.94,0.9937,-0.0978,0.0164,0.0522,-0.34,-2.02,9.85,-1.38,-4.94,-2.31,10.06,0,1.70,0.0045,0.0392,0,0.000,0.000,0.00,0.00,0.000,0
-2.31,11.00,354.06,0.9938,-0.0970,0.0154,0.0511,0.16,-1.91,10.19,0.06,-3.81,-2.25,10.37,0,1.70,0.0042,0.0389,0,0.000,0.000,0.00,0.00,0.000,0
phase1 acc_mag=9.195 gravity=9.706 motion=0.511 moving_avg=0.250 rms=0.394 mean_rms=0.538 max_rms=0.677 min_rms=0.352 std=0.110 var=0.012 state=standing thr=0.758/0.958/1.458
-2.44,10.88,353.69,0.9938,-0.0959,0.0165,0.0546,-0.69,-1.70,9.01,-0.50,2.12,3.75,9.19,0,1.70,0.0045,0.0385,0,0.000,0.000,0.00,0.00,0.000,0
-2.50,10.88,353.81,0.9938,-0.0959,0.0172,0.0538,-0.24,-1.67,9.27,0.00,0.75,4.44,9.42,0,1.70,0.0048,0.0385,0,0.000,0.000,0.00,0.00,0.000,0
-2.81,11.00,353.62,0.9936,-0.0970,0.0194,0.0550,-0.72,-1.96,9.60,-3.06,2.25,-0.25,9.82,0,1.70,0.0056,0.0390,0,0.000,0.000,0.00,0.00,0.000,0
-2.88,11.00,353.75,0.9936,-0.0974,0.0204,0.0540,-0.58,-1.96,9.80,-0.06,-1.25,-1.88,10.01,0,1.70,0.0060,0.0392,0,0.000,0.000,0.00,0.00,0.000,0
phase1 acc_mag=9.728 gravity=9.722 motion=0.006 moving_avg=0.262 rms=0.403 mean_rms=0.495 max_rms=0.677 min_rms=0.352 std=0.112 var=0.013 state=standing thr=0.719/0.919/1.419
-2.88,11.00,353.81,0.9937,-0.0970,0.0205,0.0535,-0.46,-1.82,9.44,0.00,1.81,-1.62,9.62,0,1.70,0.0061,0.0390,0,0.000,0.000,0.00,0.00,0.000,0
-2.94,11.00,353.81,0.9937,-0.0971,0.0210,0.0533,-0.59,-1.87,9.54,-0.38,-0.12,1.50,9.74,0,1.70,0.0063,0.0390,0,0.000,0.000,0.00,0.00,0.000,0
-2.94,11.00,353.75,0.9936,-0.0975,0.0206,0.0540,-0.42,-1.91,9.54,-0.31,-0.19,0.94,9.74,0,1.70,0.0061,0.0392,0,0.000,0.000,0.00,0.00,0.000,0
-2.94,10.94,353.75,0.9936,-0.0970,0.0205,0.0540,-0.37,-1.82,9.60,2.44,0.75,2.62,9.78,0,1.70,0.0061,0.0390,0,0.000,0.000,0.00,0.00,0.000,0
phase1 acc_mag=9.480 gravity=9.730 motion=0.250 moving_avg=0.271 rms=0.407 mean_rms=0.453 max_rms=0.677 min_rms=0.352 std=0.099 var=0.010 state=standing thr=0.651/0.851/1.351
-2.88,11.00,353.69,0.9936,-0.0970,0.0200,0.0547,-0.49,-1.93,9.66,-1.31,-2.06,2.00,9.86,0,1.70,0.0058,0.0390,0,0.000,0.000,0.00,0.00,0.000,0
-2.88,10.94,353.62,0.9936,-0.0966,0.0203,0.0551,-0.78,-1.97,9.45,-0.06,1.38,-0.94,9.68,0,1.70,0.0059,0.0388,0,0.000,0.000,0.00,0.00,0.000,0
-2.69,10.81,353.56,0.9937,-0.0957,0.0183,0.0558,0.96,-1.65,9.18,-1.75,-8.31,10.12,9.38,0,1.70,0.0051,0.0384,0,0.000,0.000,0.00,0.00,0.000,0
-3.06,10.94,353.62,0.9935,-0.0967,0.0223,0.0552,-0.80,-2.37,10.11,-2.31,9.25,-4.75,10.41,0,1.70,0.0067,0.0389,0,0.000,0.000,0.00,0.00,0.000,0
phase1 acc_mag=10.463 gravity=9.749 motion=0.714 moving_avg=0.217 rms=0.318 mean_rms=0.389 max_rms=0.544 min_rms=0.286 std=0.056 var=0.003 state=standing thr=0.501/0.701/1.201
-3.31,10.75,353.44,0.9935,-0.0955,0.0240,0.0568,-0.59,-1.40,9.16,2.12,2.38,4.50,9.29,0,1.70,0.0074,0.0385,0,0.000,0.000,0.00,0.00,0.000,0
-3.75,10.81,353.38,0.9933,-0.0958,0.0276,0.0573,-1.14,-1.91,9.73,0.38,2.88,-1.31,9.98,0,1.70,0.0088,0.0387,0,0.000,0.000,0.00,0.00,0.000,0
-3.81,10.62,353.31,0.9935,-0.0947,0.0282,0.0575,-0.69,-1.50,9.47,3.00,-0.31,0.56,9.61,0,1.70,0.0090,0.0383,0,0.000,0.000,0.00,0.00,0.000,0
-3.88,10.62,353.44,0.9935,-0.0943,0.0291,0.0566,-0.80,-1.96,9.83,-1.19,0.69,-4.50,10.06,0,1.70,0.0094,0.0381,0,0.000,0.000,0.00,0.00,0.000,0
phase1 acc_mag=10.228 gravity=9.742 motion=0.486 moving_avg=0.234 rms=0.333 mean_rms=0.363 max_rms=0.407 min_rms=0.286 std=0.041 var=0.002 state=standing thr=0.445/0.645/1.145
-3.88,10.50,353.50,0.9937,-0.0934,0.0288,0.0560,-0.58,-1.73,9.39,2.69,0.38,-2.00,9.57,0,1.70,0.0094,0.0378,0,0.000,0.000,0.00,0.00,0.000,0
-3.81,10.44,353.69,0.9938,-0.0927,0.0289,0.0544,-0.60,-1.84,9.54,0.69,-0.56,-2.00,9.73,0,1.70,0.0095,0.0375,0,0.000,0.000,0.00,0.00,0.000,0
-3.81,10.31,353.81,0.9939,-0.0918,0.0287,0.0535,-0.65,-1.66,9.41,0.31,0.00,-2.19,9.58,0,1.70,0.0094,0.0371,0,0.000,0.000,0.00,0.00,0.000,0
-3.75,10.25,353.88,0.9940,-0.0911,0.0285,0.0527,-0.74,-1.67,9.61,2.62,0.94,-0.56,9.78,0,1.70,0.0094,0.0368,0,0.000,0.000,0.00,0.00,0.000,0
phase1 acc_mag=9.682 gravity=9.741 motion=0.059 moving_avg=0.182 rms=0.268 mean_rms=0.349 max_rms=0.407 min_rms=0.268 std=0.047 var=0.002 state=standing thr=0.443/0.643/1.143
-3.75,10.19,353.81,0.9941,-0.0904,0.0286,0.0536,-0.85,-1.61,9.71,-0.94,-2.56,2.88,9.88,0,1.70,0.0094,0.0366,0,0.000,0.000,0.00,0.00,0.000,0
-3.75,10.19,353.69,0.9940,-0.0903,0.0284,0.0543,-0.74,-1.66,9.70,1.69,1.50,-1.56,9.87,0,1.70,0.0093,0.0365,0,0.000,0.000,0.00,0.00,0.000,0
-3.75,10.12,353.62,0.9940,-0.0901,0.0282,0.0549,-0.58,-1.62,9.50,-0.31,-0.12,1.94,9.65,0,1.70,0.0092,0.0365,0,0.000,0.000,0.00,0.00,0.000,0
-3.81,10.12,353.62,0.9940,-0.0902,0.0288,0.0552,-0.82,-1.66,9.60,0.69,1.88,-0.44,9.78,0,1.70,0.0095,0.0365,0,0.000,0.000,0.00,0.00,0.000,0
phase1 acc_mag=9.781 gravity=9.740 motion=0.041 moving_avg=0.171 rms=0.260 mean_rms=0.318 max_rms=0.407 min_rms=0.260 std=0.047 var=0.002 state=standing thr=0.412/0.612/1.112
-3.81,10.12,353.50,0.9940,-0.0901,0.0289,0.0559,-0.62,-1.75,9.65,-0.44,-0.75,0.56,9.83,0,1.70,0.0095,0.0365,0,0.000,0.000,0.00,0.00,0.000,0
-3.88,10.06,353.50,0.9940,-0.0897,0.0291,0.0560,-0.62,-1.58,9.45,0.69,0.94,0.75,9.60,0,1.70,0.0095,0.0363,0,0.000,0.000,0.00,0.00,0.000,0
-3.94,10.06,353.56,0.9940,-0.0895,0.0298,0.0557,-0.58,-1.67,9.55,-0.19,0.56,0.19,9.71,0,1.70,0.0099,0.0362,0,0.000,0.000,0.00,0.00,0.000,0
-3.94,10.06,353.56,0.9940,-0.0895,0.0300,0.0559,-0.70,-1.50,9.39,0.44,0.69,0.94,9.53,0,1.70,0.0099,0.0362,0,0.000,0.000,0.00,0.00,0.000,0
phase1 acc_mag=9.637 gravity=9.723 motion=0.087 moving_avg=0.162 rms=0.254 mean_rms=0.290 max_rms=0.334 min_rms=0.254 std=0.030 var=0.001 state=standing thr=0.350/0.550/1.050
-4.00,10.12,353.56,0.9939,-0.0900,0.0302,0.0557,-0.80,-1.72,9.57,0.38,2.44,-1.94,9.76,0,1.70,0.0100,0.0364,0,0.000,0.000,0.00,0.00,0.000,0
-3.94,10.06,353.50,0.9940,-0.0897,0.0298,0.0560,-0.61,-1.60,9.38,1.56,1.12,-0.69,9.54,0,1.70,0.0099,0.0363,0,0.000,0.000,0.00,0.00,0.000,0
-3.88,10.06,353.56,0.9940,-0.0897,0.0294,0.0557,-0.63,-1.62,9.53,-1.25,-2.25,1.62,9.69,0,1.70,0.0097,0.0363,0,0.000,0.000,0.00,0.00,0.000,0
phase1 acc_mag=9.867 gravity=9.728 motion=0.139 moving_avg=0.109 rms=0.144 mean_rms=0.264 max_rms=0.334 min_rms=0.142 std=0.051 var=0.003 state=standing thr=0.366/0.566/1.066
-3.94,10.12,353.69,0.9940,-0.0899,0.0300,0.0544,-0.76,-1.70,9.69,0.56,1.75,-1.38,9.87,0,1.70,0.0100,0.0364,0,0.000,0.000,0.00,0.00,0.000,0
-3.94,10.06,353.75,0.9940,-0.0898,0.0301,0.0542,-0.75,-1.65,9.55,0.06,0.88,-0.12,9.72,0,1.70,0.0100,0.0364,0,0.000,0.000,0.00,0.00,0.000,0
-4.00,10.12,353.81,0.9940,-0.0899,0.0305,0.0535,-0.76,-1.61,9.58,0.44,0.75,-1.81,9.74,0,1.70,0.0102,0.0364,0,0.000,0.000,0.00,0.00,0.000,0
-4.06,10.06,353.94,0.9941,-0.0895,0.0311,0.0519,-0.83,-1.68,9.63,0.62,0.12,-2.62,9.81,0,1.70,0.0105,0.0363,0,0.000,0.000,0.00,0.00,0.000,0
phase1 acc_mag=9.839 gravity=9.725 motion=0.114 moving_avg=0.086 rms=0.114 mean_rms=0.224 max_rms=0.331 min_rms=0.112 std=0.062 var=0.004 state=standing thr=0.349/0.549/1.049
-4.06,10.00,354.06,0.9942,-0.0892,0.0311,0.0514,-0.62,-1.77,9.64,-1.44,-0.31,-0.62,9.82,0,1.70,0.0105,0.0361,0,0.000,0.000,0.00,0.00,0.000,0
-4.06,10.00,354.06,0.9942,-0.0890,0.0313,0.0514,-0.70,-1.60,9.66,0.19,-0.19,0.25,9.82,0,1.70,0.0106,0.0360,0,0.000,0.000,0.00,0.00,0.000,0
-4.06,9.94,353.81,0.9941,-0.0887,0.0310,0.0536,-0.66,-1.55,9.45,1.69,-1.38,7.94,9.60,0,1.70,0.0104,0.0359,0,0.000,0.000,0.00,0.00,0.000,0
-4.00,10.00,353.62,0.9941,-0.0891,0.0302,0.0546,-0.51,-1.39,9.50,-2.00,-2.50,-2.44,9.61,0,1.70,0.0101,0.0361,0,0.000,0.000,0.00,0.00,0.000,0
phase1 acc_mag=9.490 gravity=9.718 motion=0.227 moving_avg=0.085 rms=0.119 mean_rms=0.189 max_rms=0.265 min_rms=0.112 std=0.062 var=0.004 state=standing thr=0.313/0.513/1.013
-4.06,10.06,353.81,0.9941,-0.0897,0.0309,0.0533,-0.38,-2.06,9.83,-0.19,2.25,4.31,10.05,0,1.70,0.0104,0.0363,0,0.000,0.000,0.00,0.00,0.000,0
-4.19,9.69,354.19,0.9944,-0.0864,0.0326,0.0504,-1.23,-1.43,9.82,8.94,-2.00,-8.69,10.00,0,1.70,0.0112,0.0350,0,0.000,0.000,0.00,0.00,0.000,0
-3.88,9.44,353.94,0.9944,-0.0848,0.0300,0.0549,0.58,0.87,10.87,-10.81,1.50,28.12,10.92,0,1.70,0.0101,0.0344,0,0.000,0.000,0.00,0.00,0.000,0
-4.50,9.69,353.25,0.9940,-0.0866,0.0347,0.0582,-1.41,-2.24,10.70,-9.00,-15.88,-8.31,11.02,0,1.70,0.0118,0.0352,0,0.000,0.000,0.00,0.00,0.000,0
phase1 acc_mag=10.220 gravity=9.825 motion=0.395 moving_avg=0.191 rms=0.363 mean_rms=0.176 max_rms=0.363 min_rms=0.112 std=0.062 var=0.004 state=slow thr=0.299/0.499/0.999
-4.06,9.44,353.19,0.9942,-0.0844,0.0311,0.0588,-0.54,-1.28,9.74,8.06,4.88,-3.81,9.84,0,1.70,0.0104,0.0343,0,0.000,0.000,0.00,0.00,0.000,0
-4.19,9.31,353.00,0.9942,-0.0832,0.0319,0.0603,-2.04,-0.45,8.63,-4.62,-4.19,-3.00,8.88,0,1.70,0.0107,0.0339,0,0.000,0.000,0.00,0.00,0.000,0
-3.81,9.75,353.62,0.9943,-0.0866,0.0291,0.0552,0.00,-2.33,10.54,0.62,-1.06,-9.19,10.79,0,1.70,0.0097,0.0351,0,0.000,0.000,0.00,0.00,0.000,0
-3.81,9.44,353.69,0.9945,-0.0844,0.0287,0.0551,-0.93,-1.16,9.09,-0.19,-2.25,3.12,9.21,0,1.70,0.0096,0.0342,0,0.000,0.000,0.00,0.00,0.000,0
phase1 acc_mag=9.654 gravity=9.808 motion=0.155 moving_avg=0.291 rms=0.474 mean_rms=0.214 max_rms=0.474 min_rms=0.112 std=0.123 var=0.015 state=slow thr=0.460/0.660/1.160
-3.62,9.56,353.56,0.9944,-0.0854,0.0273,0.0555,-0.24,-1.79,9.73,-0.44,-1.38,0.25,9.90,0,1.70,0.0090,0.0346,0,0.000,0.000,0.00,0.00,0.000,0
-3.75,9.50,353.44,0.9944,-0.0848,0.0284,0.0570,-0.57,-1.40,9.29,0.62,2.88,5.62,9.41,0,1.70,0.0094,0.0344,0,0.000,0.000,0.00,0.00,0.000,0
-3.88,9.56,353.31,0.9943,-0.0855,0.0294,0.0576,-0.81,-1.62,9.60,0.44,1.19,1.00,9.77,0,1.70,0.0097,0.0347,0,0.000,0.000,0.00,0.00,0.000,0
phase1 acc_mag=9.880 gravity=9.816 motion=0.064 moving_avg=0.292 rms=0.474 mean_rms=0.278 max_rms=0.474 min_rms=0.112 std=0.157 var=0.025 state=standing thr=0.592/0.792/1.292
-3.94,9.50,353.31,0.9943,-0.0850,0.0300,0.0576,-0.60,-1.48,9.75,-0.06,-0.88,0.38,9.88,0,1.70,0.0100,0.0345,0,0.000,0.000,0.00,0.00,0.000,0
-4.06,9.50,353.19,0.9941,-0.0850,0.0310,0.0589,-0.93,-1.45,9.48,-0.06,3.62,0.00,9.64,0,1.70,0.0103,0.0345,0,0.000,0.000,0.00,0.00,0.000,0
-4.19,9.56,353.25,0.9941,-0.0853,0.0321,0.0584,-0.58,-1.72,9.65,-0.25,1.31,0.62,9.82,0,1.70,0.0108,0.0347,0,0.000,0.000,0.00,0.00,0.000,0
-4.25,9.50,353.12,0.9941,-0.0849,0.0323,0.0596,-0.78,-1.55,9.49,0.44,-0.56,3.69,9.65,0,1.70,0.0108,0.0345,0,0.000,0.000,0.00,0.00,0.000,0
phase1 acc_mag=9.448 gravity=9.823 motion=0.374 moving_avg=0.311 rms=0.479 mean_rms=0.352 max_rms=0.479 min_rms=0.118 std=0.150 var=0.023 state=standing thr=0.652/0.852/1.352
-4.38,9.44,353.00,0.9940,-0.0847,0.0333,0.0605,-0.82,-1.32,9.25,0.25,3.94,-0.69,9.38,0,1.70,0.0112,0.0345,0,0.000,0.000,0.00,0.00,0.000,0
-4.62,9.50,353.06,0.9940,-0.0850,0.0355,0.0598,-0.51,-1.97,9.86,1.25,6.81,-0.44,10.07,0,1.70,0.0121,0.0347,0,0.000,0.000,0.00,0.00,0.000,0
-4.69,9.31,353.06,0.9940,-0.0831,0.0369,0.0601,-0.69,-1.20,9.11,2.94,1.94,3.75,9.21,0,1.70,0.0127,0.0339,0,0.000,0.000,0.00,0.00,0.000,0
-4.88,9.31,353.12,0.9940,-0.0839,0.0381,0.0594,-0.89,-1.44,9.73,-4.31,0.38,-1.25,9.88,0,1.70,0.0132,0.0342,0,0.000,0.000,0.00,0.00,0.000,0
phase1 acc_mag=9.933 gravity=9.813 motion=0.120 moving_avg=0.338 rms=0.498 mean_rms=0.429 max_rms=0.501 min_rms=0.140 std=0.099 var=0.010 state=standing thr=0.627/0.827/1.327
-5.06,9.38,353.12,0.9938,-0.0843,0.0397,0.0598,-0.89,-1.59,9.72,1.00,2.62,1.50,9.89,0,1.70,0.0138,0.0345,0,0.000,0.000,0.00,0.00,0.000,0
-5.12,9.38,352.88,0.9937,-0.0843,0.0398,0.0615,-0.81,-1.48,9.52,-1.31,-1.94,4.06,9.67,0,1.70,0.0137,0.0345,0,0.000,0.000,0.00,0.00,0.000,0
-5.12,9.38,352.62,0.9936,-0.0847,0.0396,0.0637,-0.92,-1.48,9.51,-0.75,-1.06,2.81,9.67,0,1.70,0.0136,0.0347,0,0.000,0.000,0.00,0.00,0.000,0
-5.06,9.50,352.56,0.9935,-0.0853,0.0392,0.0645,-0.96,-1.67,9.63,-0.62,0.75,-1.81,9.82,0,1.70,0.0134,0.0349,0,0.000,0.000,0.00,0.00,0.000,0
phase1 acc_mag=9.979 gravity=9.721 motion=0.258 moving_avg=0.232 rms=0.347 mean_rms=0.466 max_rms=0.501 min_rms=0.347 std=0.034 var=0.001 state=standing thr=0.534/0.734/1.234
-5.00,9.50,352.50,0.9935,-0.0856,0.0385,0.0647,-0.78,-1.70,9.55,1.25,0.94,1.44,9.73,0,1.70,0.0131,0.0350,0,0.000,0.000,0.00,0.00,0.000,0
-4.81,9.50,352.44,0.9935,-0.0851,0.0368,0.0657,-0.72,-1.56,9.58,1.62,-1.81,2.00,9.73,0,1.70,0.0124,0.0348,0,0.000,0.000,0.00,0.00,0.000,0
-4.75,9.31,352.38,0.9936,-0.0839,0.0365,0.0660,-0.98,-1.33,9.38,2.12,-0.44,1.25,9.52,0,1.70,0.0123,0.0343,0,0.000,0.000,0.00,0.00,0.000,0
phase1 acc_mag=9.808 gravity=9.727 motion=0.081 moving_avg=0.157 rms=0.215 mean_rms=0.423 max_rms=0.501 min_rms=0.214 std=0.097 var=0.009 state=standing thr=0.616/0.816/1.316
-4.69,9.31,352.38,0.9937,-0.0834,0.0355,0.0660,-0.67,-1.62,9.65,0.62,-0.44,-0.56,9.81,0,1.70,0.0119,0.0341,0,0.000,0.000,0.00,0.00,0.000,0
-4.62,9.25,352.25,0.9937,-0.0831,0.0351,0.0670,-0.81,-1.41,9.47,-0.56,0.06,-0.56,9.61,0,1.70,0.0117,0.0340,0,0.000,0.000,0.00,0.00,0.000,0
-4.62,9.25,352.31,0.9937,-0.0834,0.0351,0.0662,-0.66,-1.73,9.82,0.62,0.12,-0.50,9.99,0,1.70,0.0117,0.0341,0,0.000,0.000,0.00,0.00,0.000,0
-4.56,9.19,352.31,0.9937,-0.0828,0.0347,0.0666,-0.68,-1.50,9.63,-0.88,-2.50,1.50,9.77,0,1.70,0.0116,0.0338,0,0.000,0.000,0.00,0.00,0.000,0
phase1 acc_mag=9.686 gravity=9.723 motion=0.037 moving_avg=0.147 rms=0.207 mean_rms=0.370 max_rms=0.501 min_rms=0.207 std=0.122 var=0.015 state=standing thr=0.614/0.814/1.314
-4.56,9.19,352.25,0.9937,-0.0828,0.0346,0.0668,-0.72,-1.58,9.63,0.62,0.06,-0.12,9.79,0,1.70,0.0115,0.0338,0,0.000,0.000,0.00,0.00,0.000,0
-4.62,9.06,352.31,0.9938,-0.0815,0.0354,0.0667,-0.72,-1.74,9.79,2.50,1.56,0.38,9.97,0,1.70,0.0119,0.0334,0,0.000,0.000,0.00,0.00,0.000,0
-4.81,8.75,352.38,0.9940,-0.0787,0.0374,0.0659,-0.97,-1.24,9.47,8.88,5.25,-0.94,9.60,0,1.70,0.0128,0.0323,0,0.000,0.000,0.00,0.00,0.000,0
-4.94,8.50,352.50,0.9942,-0.0768,0.0389,0.0643,-0.81,-1.21,9.38,-1.25,2.69,-4.56,9.49,0,1.70,0.0135,0.0316,0,0.000,0.000,0.00,0.00,0.000,0
phase1 acc_mag=10.039 gravity=9.712 motion=0.327 moving_avg=0.170 rms=0.246 mean_rms=0.319 max_rms=0.501 min_rms=0.205 std=0.120 var=0.014 state=standing thr=0.559/0.759/1.259
-5.19,8.56,352.88,0.9943,-0.0774,0.0410,0.0617,-0.61,-1.65,9.87,2.00,7.81,-2.94,10.03,0,1.70,0.0144,0.0318,0,0.000,0.000,0.00,0.00,0.000,0
-5.69,8.44,352.88,0.9941,-0.0763,0.0461,0.0616,-0.48,-0.99,9.08,-0.06,8.25,2.00,9.15,0,1.70,0.0165,0.0315,0,0.000,0.000,0.00,0.00,0.000,0
-7.38,8.12,352.88,0.9935,-0.0728,0.0641,0.0598,-2.27,-2.43,10.23,26.88,43.19,-14.31,10.76,0,1.70,0.0238,0.0304,0,0.000,0.000,0.00,0.00,0.000,0
-8.25,6.12,353.19,0.9942,-0.0577,0.0691,0.0589,-2.39,0.18,8.95,5.62,-8.06,14.94,9.27,0,1.70,0.0261,0.0246,0,0.000,0.000,0.00,0.00,0.000,0
phase1 acc_mag=7.646 gravity=9.707 motion=2.061 moving_avg=0.337 rms=0.685 mean_rms=0.299 max_rms=0.685 min_rms=0.205 std=0.119 var=0.014 state=slow thr=0.536/0.736/1.236
-8.12,6.44,353.44,0.9943,-0.0602,0.0670,0.0566,-1.15,-1.74,11.00,-2.50,-8.62,-3.44,11.20,0,1.70,0.0253,0.0255,0,0.000,0.000,0.00,0.00,0.000,0
-7.62,6.31,352.81,0.9943,-0.0593,0.0635,0.0623,-0.90,-1.48,9.41,-0.38,-6.50,11.50,9.57,0,1.70,0.0238,0.0252,0,0.000,0.000,0.00,0.00,0.000,0
-7.38,6.44,352.62,0.9943,-0.0598,0.0609,0.0636,-1.48,-0.82,9.18,-1.06,-5.75,4.50,9.33,0,1.70,0.0227,0.0253,0,0.000,0.000,0.00,0.00,0.000,0
-7.12,6.44,352.94,0.9946,-0.0593,0.0588,0.0607,-0.99,-0.93,9.60,2.75,-3.12,-4.12,9.70,0,1.70,0.0219,0.0250,0,0.000,0.000,0.00,0.00,0.000,0
phase1 acc_mag=9.442 gravity=9.768 motion=0.327 moving_avg=0.436 rms=0.771 mean_rms=0.370 max_rms=0.771 min_rms=0.205 std=0.222 var=0.049 state=standing thr=0.814/1.014/1.514
-7.06,6.38,353.06,0.9947,-0.0592,0.0588,0.0601,-1.61,-0.75,9.45,-1.88,0.25,-3.31,9.62,0,1.70,0.0220,0.0250,0,0.000,0.000,0.00,0.00,0.000,0
-7.19,6.38,353.38,0.9948,-0.0591,0.0597,0.0573,-1.48,-0.90,9.63,0.06,1.88,-7.25,9.78,0,1.70,0.0224,0.0249,0,0.000,0.000,0.00,0.00,0.000,0
-7.25,6.50,353.88,0.9950,-0.0603,0.0607,0.0521,-1.48,-0.85,9.56,-3.69,0.44,-8.00,9.71,0,1.70,0.0229,0.0253,0,0.000,0.000,0.00,0.00,0.000,0
phase1 acc_mag=9.749 gravity=9.743 motion=0.006 moving_avg=0.457 rms=0.778 mean_rms=0.489 max_rms=0.779 min_rms=0.205 std=0.261 var=0.068 state=standing thr=1.010/1.210/1.710
-7.31,6.88,354.44,0.9950,-0.0628,0.0612,0.0479,-1.32,-1.31,9.57,-2.88,0.69,-4.50,9.75,0,1.70,0.0231,0.0262,0,0.000,0.000,0.00,0.00,0.000,0
-7.00,7.06,354.75,0.9952,-0.0644,0.0585,0.0455,-0.76,-1.47,9.85,-1.19,-5.00,0.06,9.99,0,1.70,0.0221,0.0267,0,0.000,0.000,0.00,0.00,0.000,0
-7.06,7.06,354.69,0.9951,-0.0640,0.0593,0.0459,-1.34,-0.73,9.06,-0.75,5.06,-2.62,9.19,0,1.70,0.0224,0.0266,0,0.000,0.000,0.00,0.00,0.000,0
-7.50,7.19,354.94,0.9949,-0.0652,0.0638,0.0433,-0.80,-1.33,9.45,0.81,8.25,-5.69,9.58,0,1.70,0.0243,0.0270,0,0.000,0.000,0.00,0.00,0.000,0
phase1 acc_mag=10.412 gravity=9.749 motion=0.662 moving_avg=0.513 rms=0.799 mean_rms=0.604 max_rms=0.799 min_rms=0.206 std=0.240 var=0.057 state=standing thr=1.083/1.283/1.783
-8.44,7.00,355.94,0.9948,-0.0632,0.0720,0.0349,-1.67,-1.12,9.70,4.25,13.00,-8.62,9.91,0,1.70,0.0278,0.0261,0,0.000,0.000,0.00,0.00,0.000,0
-8.94,6.94,356.44,0.9946,-0.0626,0.0770,0.0289,-1.63,-1.05,9.85,0.75,4.31,-13.25,10.04,0,1.70,0.0299,0.0258,0,0.000,0.000,0.00,0.00,0.000,0
-9.19,7.56,355.56,0.9938,-0.0686,0.0781,0.0380,-0.47,-1.22,9.81,-12.62,5.44,22.12,9.90,0,1.70,0.0300,0.0285,0,0.000,0.000,0.00,0.00,0.000,0
-9.31,7.25,352.94,0.9929,-0.0676,0.0774,0.0610,-0.88,-1.40,9.78,-0.62,-5.38,16.69,9.92,0,1.70,0.0291,0.0287,0,0.000,0.000,0.00,0.00,0.000,0
phase1 acc_mag=9.784 gravity=9.765 motion=0.019 moving_avg=0.518 rms=0.803 mean_rms=0.719 max_rms=0.804 min_rms=0.251 std=0.154 var=0.024 state=standing thr=1.027/1.227/1.727
-8.88,7.69,353.88,0.9933,-0.0705,0.0745,0.0527,-1.69,-1.44,9.82,-3.69,-9.62,-11.69,10.07,0,1.70,0.0281,0.0296,0,0.000,0.000,0.00,0.00,0.000,0
-8.81,6.81,354.56,0.9941,-0.0630,0.0741,0.0471,-1.62,-1.06,9.12,16.88,-1.56,-25.62,9.32,0,1.70,0.0283,0.0264,0,0.000,0.000,0.00,0.00,0.000,0
-7.06,5.38,356.12,0.9967,-0.0460,0.0591,0.0316,-0.50,-1.94,11.12,37.44,-17.69,-22.12,11.30,0,1.70,0.0230,0.0191,0,0.000,0.000,0.00,0.00,0.000,0
-7.06,3.62,359.50,0.9976,-0.0317,0.0620,0.0040,-0.59,-1.19,9.42,35.56,27.00,-50.25,9.51,0,1.70,0.0247,0.0127,0,0.000,0.000,0.00,0.00,0.000,0
phase1 acc_mag=9.235 gravity=9.890 motion=0.655 moving_avg=0.485 rms=0.834 mean_rms=0.787 max_rms=0.891 min_rms=0.649 std=0.032 var=0.001 state=standing thr=0.850/1.050/1.550
-3.75,3.75,6.56,0.9973,-0.0309,0.0347,-0.0576,0.18,-1.27,9.62,0.00,-75.56,-90.31,9.71,0,1.70,0.0145,0.0115,0,0.000,0.000,0.00,0.00,0.000,0
-1.75,3.44,7.81,0.9971,-0.0291,0.0177,-0.0681,0.32,-0.35,9.86,-21.44,-10.56,-31.75,9.87,0,1.70,0.0079,0.0111,0,0.000,0.000,0.00,0.00,0.000,0
-5.81,2.06,0.56,0.9985,-0.0178,0.0508,-0.0052,-3.19,1.73,9.86,93.19,232.62,144.69,10.51,0,1.70,0.0203,0.0070,1,0.702,0.000,0.00,0.00,0.702,0
-12.75,-4.62,355.69,0.9916,0.0484,0.1153,0.0337,-2.55,0.97,7.58,159.56,60.31,12.69,8.06,0,1.70,0.0464,-0.0176,1,0.702,0.000,0.00,0.00,0.702,0
phase1 acc_mag=10.372 gravity=9.825 motion=0.547 moving_avg=0.618 rms=1.026 mean_rms=0.817 max_rms=1.026 min_rms=0.649 std=0.069 var=0.005 state=slow thr=0.955/1.155/1.655
-12.25,-11.06,354.25,0.9883,0.0897,0.1124,0.0495,-2.03,1.60,10.17,-2.69,50.50,84.19,10.49,0,1.70,0.0462,-0.0332,1,0.702,0.000,0.00,0.00,0.702,0
phase1 acc_mag=0.000 gravity=9.780 motion=9.780 moving_avg=0.735 rms=1.429 mean_rms=0.834 max_rms=1.429 min_rms=0.649 std=0.101 var=0.010 state=walking thr=1.035/1.235/1.735
0.00,0.00,0.00,0.0000,0.0000,0.0000,0.0000,0.00,0.00,0.00,0.00,0.00,0.00,0.00,2,0.20,0.0000,0.0000,1,0.702,0.000,0.00,0.00,0.702,0
0.00,0.00,0.00,0.0000,0.0000,0.0000,0.0000,0.00,0.00,0.00,0.00,0.00,0.00,0.00,2,0.20,0.0000,0.0000,1,0.702,0.000,0.00,0.00,0.702,0
0.00,0.00,0.00,0.0000,0.0000,0.0000,0.0000,0.00,0.00,0.00,0.00,0.00,0.00,0.00,2,0.20,0.0000,0.0000,1,0.702,0.000,0.00,0.00,0.702,0
0.00,0.00,0.00,0.0000,0.0000,0.0000,0.0000,0.00,0.00,0.00,0.00,0.00,0.00,0.00,2,0.20,0.0000,0.0000,1,0.702,0.000,0.00,0.00,0.702,0
phase1 acc_mag=0.000 gravity=7.911 motion=7.911 moving_avg=2.376 rms=4.100 mean_rms=1.281 max_rms=4.100 min_rms=0.649 std=0.955 var=0.911 state=running thr=3.191/3.391/3.891
0.00,0.00,0.00,0.0000,0.0000,0.0000,0.0000,0.00,0.00,0.00,0.00,0.00,0.00,0.00,2,0.20,0.0000,0.0000,1,0.702,0.000,0.00,0.00,0.702,0
0.00,0.00,0.00,0.0000,0.0000,0.0000,0.0000,0.00,0.00,0.00,0.00,0.00,0.00,0.00,2,0.20,0.0000,0.0000,1,0.702,0.000,0.00,0.00,0.702,0
0.00,0.00,0.00,0.0000,0.0000,0.0000,0.0000,0.00,0.00,0.00,0.00,0.00,0.00,0.00,2,0.20,0.0000,0.0000,1,0.702,0.000,0.00,0.00,0.702,0
0.00,0.00,0.00,0.0000,0.0000,0.0000,0.0000,0.00,0.00,0.00,0.00,0.00,0.00,0.00,2,0.20,0.0000,0.0000,1,0.702,0.000,0.00,0.00,0.702,0
phase1 acc_mag=0.000 gravity=6.085 motion=6.085 moving_avg=3.630 rms=5.103 mean_rms=2.022 max_rms=5.103 min_rms=0.649 std=1.594 var=2.540 state=standing thr=5.209/5.409/5.909
0.00,0.00,0.00,0.0000,0.0000,0.0000,0.0000,0.00,0.00,0.00,0.00,0.00,0.00,0.00,2,0.20,0.0000,0.0000,1,0.702,0.000,0.00,0.00,0.702,0
0.00,0.00,0.00,0.0000,0.0000,0.0000,0.0000,0.00,0.00,0.00,0.00,0.00,0.00,0.00,2,0.20,0.0000,0.0000,1,0.702,0.000,0.00,0.00,0.702,0
0.00,0.00,0.00,0.0000,0.0000,0.0000,0.0000,0.00,0.00,0.00,0.00,0.00,0.00,0.00,2,0.20,0.0000,0.0000,1,0.702,0.000,0.00,0.00,0.702,0
0.00,0.00,0.00,0.0000,0.0000,0.0000,0.0000,0.00,0.00,0.00,0.00,0.00,0.00,0.00,2,0.20,0.0000,0.0000,1,0.702,0.000,0.00,0.00,0.702,0
phase1 acc_mag=0.000 gravity=4.209 motion=4.209 moving_avg=4.531 rms=5.569 mean_rms=2.891 max_rms=5.569 min_rms=0.649 std=1.910 var=3.647 state=standing thr=6.711/6.911/7.411
0.00,0.00,0.00,0.0000,0.0000,0.0000,0.0000,0.00,0.00,0.00,0.00,0.00,0.00,0.00,2,0.20,0.0000,0.0000,1,0.702,0.000,0.00,0.00,0.702,0
0.00,0.00,0.00,0.0000,0.0000,0.0000,0.0000,0.00,0.00,0.00,0.00,0.00,0.00,0.00,2,0.20,0.0000,0.0000,1,0.702,0.000,0.00,0.00,0.702,0
0.00,0.00,0.00,0.0000,0.0000,0.0000,0.0000,0.00,0.00,0.00,0.00,0.00,0.00,0.00,2,0.20,0.0000,0.0000,1,0.702,0.000,0.00,0.00,0.702,0
0.00,0.00,0.00,0.0000,0.0000,0.0000,0.0000,0.00,0.00,0.00,0.00,0.00,0.00,0.00,2,0.20,0.0000,0.0000,1,0.702,0.000,0.00,0.00,0.702,0
phase1 acc_mag=0.000 gravity=2.216 motion=2.216 moving_avg=4.907 rms=5.694 mean_rms=3.814 max_rms=5.694 min_rms=0.812 std=1.847 var=3.412 state=standing thr=7.509/7.709/8.209
0.00,0.00,0.00,0.0000,0.0000,0.0000,0.0000,0.00,0.00,0.00,0.00,0.00,0.00,0.00,2,0.20,0.0000,0.0000,1,0.702,0.000,0.00,0.00,0.702,0
0.00,0.00,0.00,0.0000,0.0000,0.0000,0.0000,0.00,0.00,0.00,0.00,0.00,0.00,0.00,2,0.20,0.0000,0.0000,1,0.702,0.000,0.00,0.00,0.702,0
0.00,0.00,0.00,0.0000,0.0000,0.0000,0.0000,0.00,0.00,0.00,0.00,0.00,0.00,0.00,2,0.20,0.0000,0.0000,1,0.702,0.000,0.00,0.00,0.702,0
0.00,0.00,0.00,0.0000,0.0000,0.0000,0.0000,0.00,0.00,0.00,0.00,0.00,0.00,0.00,2,0.20,0.0000,0.0000,1,0.702,0.000,0.00,0.00,0.702,0
phase1 acc_mag=0.000 gravity=0.428 motion=0.428 moving_avg=4.938 rms=5.689 mean_rms=4.722 max_rms=5.713 min_rms=1.035 std=1.292 var=1.669 state=standing thr=7.306/7.506/8.006
0.00,0.00,0.00,0.0000,0.0000,0.0000,0.0000,0.00,0.00,0.00,0.00,0.00,0.00,0.00,2,0.20,0.0000,0.0000,1,0.702,0.000,0.00,0.00,0.702,0
0.00,0.00,0.00,0.0000,0.0000,0.0000,0.0000,0.00,0.00,0.00,0.00,0.00,0.00,0.00,2,0.20,0.0000,0.0000,1,0.702,0.000,0.00,0.00,0.702,0
0.00,0.00,0.00,0.0000,0.0000,0.0000,0.0000,0.00,0.00,0.00,0.00,0.00,0.00,0.00,2,0.20,0.0000,0.0000,1,0.702,0.000,0.00,0.00,0.702,0
0.00,0.00,0.00,0.0000,0.0000,0.0000,0.0000,0.00,0.00,0.00,0.00,0.00,0.00,0.00,2,0.20,0.0000,0.0000,1,0.702,0.000,0.00,0.00,0.702,0
phase1 acc_mag=0.000 gravity=-0.000 motion=0.000 moving_avg=3.547 rms=4.459 mean_rms=5.248 max_rms=5.713 min_rms=3.771 std=0.521 var=0.271 state=standing thr=6.290/6.490/6.990
0.00,0.00,0.00,0.0000,0.0000,0.0000,0.0000,0.00,0.00,0.00,0.00,0.00,0.00,0.00,2,0.20,0.0000,0.0000,1,0.702,0.000,0.00,0.00,0.702,0
0.00,0.00,0.00,0.0000,0.0000,0.0000,0.0000,0.00,0.00,0.00,0.00,0.00,0.00,0.00,2,0.20,0.0000,0.0000,1,0.702,0.000,0.00,0.00,0.702,0
0.00,0.00,0.00,0.0000,0.0000,0.0000,0.0000,0.00,0.00,0.00,0.00,0.00,0.00,0.00,2,0.20,0.0000,0.0000,1,0.702,0.000,0.00,0.00,0.702,0
0.00,0.00,0.00,0.0000,0.0000,0.0000,0.0000,0.00,0.00,0.00,0.00,0.00,0.00,0.00,2,0.20,0.0000,0.0000,1,0.702,0.000,0.00,0.00,0.702,0
phase1 acc_mag=0.000 gravity=-0.000 motion=0.000 moving_avg=2.132 rms=3.050 mean_rms=5.116 max_rms=5.713 min_rms=3.050 std=0.761 var=0.579 state=standing thr=6.638/6.838/7.338
0.00,0.00,0.00,0.0000,0.0000,0.0000,0.0000,0.00,0.00,0.00,0.00,0.00,0.00,0.00,2,0.20,0.0000,0.0000,1,0.702,0.000,0.00,0.00,0.702,0
0.00,0.00,0.00,0.0000,0.0000,0.0000,0.0000,0.00,0.00,0.00,0.00,0.00,0.00,0.00,2,0.20,0.0000,0.0000,1,0.702,0.000,0.00,0.00,0.702,0
0.00,0.00,0.00,0.0000,0.0000,0.0000,0.0000,0.00,0.00,0.00,0.00,0.00,0.00,0.00,2,0.20,0.0000,0.0000,1,0.702,0.000,0.00,0.00,0.702,0
0.00,0.00,0.00,0.0000,0.0000,0.0000,0.0000,0.00,0.00,0.00,0.00,0.00,0.00,0.00,2,0.20,0.0000,0.0000,1,0.702,0.000,0.00,0.00,0.702,0
phase1 acc_mag=0.000 gravity=-0.000 motion=0.000 moving_avg=1.069 rms=1.815 mean_rms=4.572 max_rms=5.713 min_rms=1.815 std=1.310 var=1.716 state=standing thr=7.192/7.392/7.892
0.00,0.00,0.00,0.0000,0.0000,0.0000,0.0000,0.00,0.00,0.00,0.00,0.00,0.00,0.00,2,0.20,0.0000,0.0000,1,0.702,0.000,0.00,0.00,0.702,0
0.00,0.00,0.00,0.0000,0.0000,0.0000,0.0000,0.00,0.00,0.00,0.00,0.00,0.00,0.00,2,0.20,0.0000,0.0000,1,0.702,0.000,0.00,0.00,0.702,0
0.00,0.00,0.00,0.0000,0.0000,0.0000,0.0000,0.00,0.00,0.00,0.00,0.00,0.00,0.00,2,0.20,0.0000,0.0000,1,0.702,0.000,0.00,0.00,0.702,0
0.00,0.00,0.00,0.0000,0.0000,0.0000,0.0000,0.00,0.00,0.00,0.00,0.00,0.00,0.00,2,0.20,0.0000,0.0000,1,0.702,0.000,0.00,0.00,0.702,0
phase1 acc_mag=0.000 gravity=-0.000 motion=0.000 moving_avg=0.369 rms=0.807 mean_rms=3.744 max_rms=5.713 min_rms=0.807 std=1.710 var=2.926 state=standing thr=7.165/7.365/7.865
0.00,0.00,0.00,0.0000,0.0000,0.0000,0.0000,0.00,0.00,0.00,0.00,0.00,0.00,0.00,2,0.20,0.0000,0.0000,1,0.702,0.000,0.00,0.00,0.702,0
0.00,0.00,0.00,0.0000,0.0000,0.0000,0.0000,0.00,0.00,0.00,0.00,0.00,0.00,0.00,2,0.20,0.0000,0.0000,1,0.702,0.000,0.00,0.00,0.702,0
0.00,0.00,0.00,0.0000,0.0000,0.0000,0.0000,0.00,0.00,0.00,0.00,0.00,0.00,0.00,2,0.20,0.0000,0.0000,1,0.702,0.000,0.00,0.00,0.702,0
0.00,0.00,0.00,0.0000,0.0000,0.0000,0.0000,0.00,0.00,0.00,0.00,0.00,0.00,0.00,2,0.20,0.0000,0.0000,1,0.702,0.000,0.00,0.00,0.702,0
phase1 acc_mag=0.000 gravity=-0.000 motion=0.000 moving_avg=0.037 rms=0.144 mean_rms=2.744 max_rms=5.695 min_rms=0.144 std=1.815 var=3.293 state=standing thr=6.373/6.573/7.073
0.00,0.00,0.00,0.0000,0.0000,0.0000,0.0000,0.00,0.00,0.00,0.00,0.00,0.00,0.00,2,0.20,0.0000,0.0000,1,0.702,0.000,0.00,0.00,0.702,0
0.00,0.00,0.00,0.0000,0.0000,0.0000,0.0000,0.00,0.00,0.00,0.00,0.00,0.00,0.00,2,0.20,0.0000,0.0000,1,0.702,0.000,0.00,0.00,0.702,0
0.00,0.00,0.00,0.0000,0.0000,0.0000,0.0000,0.00,0.00,0.00,0.00,0.00,0.00,0.00,2,0.20,0.0000,0.0000,1,0.702,0.000,0.00,0.00,0.702,0
0.00,0.00,0.00,0.0000,0.0000,0.0000,0.0000,0.00,0.00,0.00,0.00,0.00,0.00,0.00,2,0.20,0.0000,0.0000,1,0.702,0.000,0.00,0.00,0.702,0
phase1 acc_mag=0.000 gravity=-0.000 motion=0.000 moving_avg=0.000 rms=nan mean_rms=nan max_rms=4.777 min_rms=0.010 std=nan var=nan state=standing thr=0.080/0.350/0.850
0.00,0.00,0.00,0.0000,0.0000,0.0000,0.0000,0.00,0.00,0.00,0.00,0.00,0.00,0.00,2,0.20,0.0000,0.0000,1,0.702,0.000,0.00,0.00,0.702,0
0.00,0.00,0.00,0.0000,0.0000,0.0000,0.0000,0.00,0.00,0.00,0.00,0.00,0.00,0.00,2,0.20,0.0000,0.0000,1,0.702,0.000,0.00,0.00,0.702,0
0.00,0.00,0.00,0.0000,0.0000,0.0000,0.0000,0.00,0.00,0.00,0.00,0.00,0.00,0.00,2,0.20,0.0000,0.0000,1,0.702,0.000,0.00,0.00,0.702,0
0.00,0.00,0.00,0.0000,0.0000,0.0000,0.0000,0.00,0.00,0.00,0.00,0.00,0.00,0.00,2,0.20,0.0000,0.0000,1,0.702,0.000,0.00,0.00,0.702,0
phase1 acc_mag=0.000 gravity=-0.000 motion=0.000 moving_avg=0.000 rms=nan mean_rms=nan max_rms=3.334 min_rms=0.010 std=nan var=nan state=standing thr=0.080/0.350/0.850
0.00,0.00,0.00,0.0000,0.0000,0.0000,0.0000,0.00,0.00,0.00,0.00,0.00,0.00,0.00,2,0.20,0.0000,0.0000,1,0.702,0.000,0.00,0.00,0.702,0
0.00,0.00,0.00,0.0000,0.0000,0.0000,0.0000,0.00,0.00,0.00,0.00,0.00,0.00,0.00,2,0.20,0.0000,0.0000,1,0.702,0.000,0.00,0.00,0.702,0
0.00,0.00,0.00,0.0000,0.0000,0.0000,0.0000,0.00,0.00,0.00,0.00,0.00,0.00,0.00,2,0.20,0.0000,0.0000,1,0.702,0.000,0.00,0.00,0.702,0
0.00,0.00,0.00,0.0000,0.0000,0.0000,0.0000,0.00,0.00,0.00,0.00,0.00,0.00,0.00,2,0.20,0.0000,0.0000,1,0.702,0.000,0.00,0.00,0.702,0
phase1 acc_mag=0.000 gravity=-0.000 motion=0.000 moving_avg=0.000 rms=nan mean_rms=nan max_rms=2.059 min_rms=0.010 std=nan var=nan state=standing thr=0.080/0.350/0.850
0.00,0.00,0.00,0.0000,0.0000,0.0000,0.0000,0.00,0.00,0.00,0.00,0.00,0.00,0.00,2,0.20,0.0000,0.0000,1,0.702,0.000,0.00,0.00,0.702,0
0.00,0.00,0.00,0.0000,0.0000,0.0000,0.0000,0.00,0.00,0.00,0.00,0.00,0.00,0.00,2,0.20,0.0000,0.0000,1,0.702,0.000,0.00,0.00,0.702,0
0.00,0.00,0.00,0.0000,0.0000,0.0000,0.0000,0.00,0.00,0.00,0.00,0.00,0.00,0.00,2,0.20,0.0000,0.0000,1,0.702,0.000,0.00,0.00,0.702,0
0.00,0.00,0.00,0.0000,0.0000,0.0000,0.0000,0.00,0.00,0.00,0.00,0.00,0.00,0.00,2,0.20,0.0000,0.0000,1,0.702,0.000,0.00,0.00,0.702,0
phase1 acc_mag=0.000 gravity=-0.000 motion=0.000 moving_avg=0.000 rms=nan mean_rms=nan max_rms=0.988 min_rms=0.010 std=nan var=nan state=standing thr=0.080/0.350/0.850
0.00,0.00,0.00,0.0000,0.0000,0.0000,0.0000,0.00,0.00,0.00,0.00,0.00,0.00,0.00,2,0.20,0.0000,0.0000,1,0.702,0.000,0.00,0.00,0.702,0
0.00,0.00,0.00,0.0000,0.0000,0.0000,0.0000,0.00,0.00,0.00,0.00,0.00,0.00,0.00,2,0.20,0.0000,0.0000,1,0.702,0.000,0.00,0.00,0.702,0
0.00,0.00,0.00,0.0000,0.0000,0.0000,0.0000,0.00,0.00,0.00,0.00,0.00,0.00,0.00,2,0.20,0.0000,0.0000,1,0.702,0.000,0.00,0.00,0.702,0
0.00,0.00,0.00,0.0000,0.0000,0.0000,0.0000,0.00,0.00,0.00,0.00,0.00,0.00,0.00,2,0.20,0.0000,0.0000,1,0.702,0.000,0.00,0.00,0.702,0
phase1 acc_mag=0.000 gravity=-0.000 motion=0.000 moving_avg=0.000 rms=nan mean_rms=nan max_rms=0.253 min_rms=0.010 std=nan var=nan state=standing thr=0.080/0.350/0.850
0.00,0.00,0.00,0.0000,0.0000,0.0000,0.0000,0.00,0.00,0.00,0.00,0.00,0.00,0.00,2,0.20,0.0000,0.0000,1,0.702,0.000,0.00,0.00,0.702,0
0.00,0.00,0.00,0.0000,0.0000,0.0000,0.0000,0.00,0.00,0.00,0.00,0.00,0.00,0.00,2,0.20,0.0000,0.0000,1,0.702,0.000,0.00,0.00,0.702,0
0.00,0.00,0.00,0.0000,0.0000,0.0000,0.0000,0.00,0.00,0.00,0.00,0.00,0.00,0.00,2,0.20,0.0000,0.0000,1,0.702,0.000,0.00,0.00,0.702,0
BNO055 detected! Chip ID: 0xA0
BNO055 initialized successfully!
roll,pitch,yaw,qw,qx,qy,qz,accx,accy,accz,gyrox,gyroy,gyroz,svm,state,z_v,lever_offx,lever_offy,steps,stride_m,velocity_mps,cadence_spm,cadence_sps,distance_m,step_flag
phase1 acc_mag=11.086 gravity=11.086 motion=0.000 moving_avg=0.000 rms=0.000 mean_rms=0.000 max_rms=0.000 min_rms=0.000 std=0.000 var=0.000 state=standing thr=0.080/0.350/0.850
0.00,0.00,0.00,0.0000,0.0000,0.0000,0.0000,-0.22,-6.70,8.83,128.06,-49.25,-18.00,11.09,0,1.70,0.0000,0.0000,0,0.000,0.000,0.00,0.00,0.000,0
6.81,-7.50,2.88,0.9952,0.0674,-0.0635,-0.0300,2.79,-4.09,7.59,42.38,-28.19,-58.06,9.06,0,1.70,-0.0261,-0.0261,0,0.000,0.000,0.00,0.00,0.000,0
7.31,-12.94,8.38,0.9879,0.1129,-0.0737,-0.0766,2.35,-2.72,8.30,68.19,-17.81,-53.06,9.04,0,1.70,-0.0326,-0.0424,0,0.000,0.000,0.00,0.00,0.000,0
6.31,-13.75,15.12,0.9798,0.1074,-0.0684,-0.1544,6.95,-2.09,10.29,-63.75,-8.00,-278.75,12.59,0,1.70,-0.0334,-0.0379,0,0.000,0.000,0.00,0.00,0.000,0
phase1 acc_mag=10.175 gravity=10.005 motion=0.169 moving_avg=0.694 rms=0.900 mean_rms=0.771 max_rms=0.951 min_rms=0.000 std=0.183 var=0.033 state=standing thr=1.136/1.336/1.836
-9.25,-9.88,38.69,0.9370,0.1075,0.0481,-0.3290,-11.26,6.99,10.20,-180.62,106.88,284.38,16.72,0,1.70,0.0039,-0.0466,0,0.000,0.000,0.00,0.00,0.000,0
-7.50,-2.38,28.06,0.9668,0.0354,0.0609,-0.2455,3.20,-3.85,7.32,-17.44,4.25,-74.25,8.87,0,1.70,0.0201,-0.0197,0,0.000,0.000,0.00,0.00,0.000,0
-14.75,-1.38,37.38,0.9324,0.0529,0.1268,-0.3343,0.47,-4.29,10.57,-5.94,142.00,-238.31,11.42,0,1.70,0.0402,-0.0367,0,0.000,0.000,0.00,0.00,0.000,0
-20.75,-1.06,44.62,0.9077,0.0739,0.1650,-0.3787,0.91,-2.67,7.14,-25.94,4.00,-71.31,7.68,0,1.70,0.0487,-0.0518,1,0.781,0.000,0.00,0.00,0.781,0
phase1 acc_mag=10.072 gravity=10.290 motion=0.217 moving_avg=1.559 rms=2.303 mean_rms=1.510 max_rms=2.433 min_rms=0.000 std=0.771 var=0.594 state=standing thr=3.052/3.252/3.752
-19.69,-1.00,46.19,0.9061,0.0751,0.1540,-0.3867,0.84,-2.03,10.61,28.75,0.06,20.00,10.84,0,1.70,0.0442,-0.0510,1,0.781,0.000,0.00,0.00,0.781,0
-18.50,-3.88,42.31,0.9223,0.0906,0.1351,-0.3505,0.61,-1.78,8.41,23.19,-25.25,76.88,8.62,0,1.70,0.0371,-0.0524,1,0.781,0.000,0.00,0.00,0.781,0
-16.50,-7.44,35.69,0.9399,0.1042,0.1180,-0.3029,2.91,-0.11,7.47,14.19,-33.25,115.00,8.02,0,1.70,0.0317,-0.0535,1,0.781,0.000,0.00,0.00,0.781,0
-13.00,-5.56,35.88,0.9440,0.0805,0.0934,-0.3059,3.21,-2.11,9.03,-33.31,-139.44,-30.19,9.81,0,1.70,0.0254,-0.0418,1,0.781,0.000,0.00,0.00,0.781,0
phase1 acc_mag=11.754 gravity=10.047 motion=1.707 moving_avg=1.370 rms=2.004 mean_rms=1.721 max_rms=2.433 min_rms=0.000 std=0.694 var=0.482 state=standing thr=3.110/3.310/3.810
-13.25,-4.50,36.75,0.9418,0.0735,0.0978,-0.3129,14.54,-0.45,5.84,16.06,303.12,130.00,15.68,0,1.70,0.0277,-0.0399,1,0.781,0.000,0.00,0.00,0.781,0
-22.25,-3.75,38.56,0.9272,0.0892,0.1643,-0.3246,8.93,-5.82,10.58,-11.81,-106.62,1.19,15.02,0,1.70,0.0493,-0.0544,1,0.781,0.000,0.00,0.00,0.781,0
-24.00,-3.38,41.19,0.9150,0.0992,0.1852,-0.3444,1.32,-2.48,9.34,10.12,19.62,-29.06,9.75,0,1.70,0.0541,-0.0618,1,0.781,0.000,0.00,0.00,0.781,0
-25.38,-7.31,41.81,0.9194,0.1337,0.1791,-0.3237,3.55,-3.37,10.18,-46.31,-44.50,307.06,11.30,0,1.70,0.0485,-0.0724,1,0.781,0.000,0.00,0.00,0.781,0
phase1 acc_mag=11.220 gravity=10.320 motion=0.900 moving_avg=1.537 rms=2.217 mean_rms=1.850 max_rms=2.433 min_rms=0.000 std=0.646 var=0.418 state=standing thr=3.142/3.342/3.842
-26.25,-8.62,38.00,0.9183,0.1379,0.1926,-0.3173,-0.63,-4.43,10.58,-52.25,8.12,-10.94,11.49,0,1.70,0.0532,-0.0751,1,0.781,0.000,0.00,0.00,0.781,0
-25.81,-6.81,38.75,0.9178,0.1264,0.1931,-0.3231,0.15,-3.26,9.28,-22.06,12.62,-30.81,9.84,0,1.70,0.0546,-0.0714,1,0.781,0.000,0.00,0.00,0.781,0
-27.00,-6.12,40.44,0.9111,0.1270,0.2027,-0.3356,0.00,-2.74,8.89,-1.38,26.19,-30.00,9.30,0,1.70,0.0568,-0.0735,1,0.781,0.000,0.00,0.00,0.781,0
phase1 acc_mag=9.488 gravity=10.135 motion=0.647 moving_avg=1.460 rms=2.095 mean_rms=1.992 max_rms=2.433 min_rms=0.727 std=0.504 var=0.254 state=standing thr=3.000/3.200/3.700
-28.19,-5.50,41.62,0.9053,0.1290,0.2120,-0.3447,-1.01,-2.09,9.20,13.88,1.81,2.44,9.49,0,1.70,0.0590,-0.0759,1,0.781,0.000,0.00,0.00,0.781,0
-26.88,-7.44,41.25,0.9083,0.1378,0.1970,-0.3422,-0.11,-1.93,9.28,12.50,-1.12,13.88,9.48,0,1.70,0.0527,-0.0770,1,0.781,0.000,0.00,0.00,0.781,0
-26.50,-8.19,40.44,0.9109,0.1412,0.1932,-0.3359,0.40,-2.45,9.10,4.94,3.06,-1.94,9.43,0,1.70,0.0514,-0.0774,1,0.781,0.000,0.00,0.00,0.781,0
-26.88,-8.62,40.56,0.9099,0.1457,0.1949,-0.3361,-0.08,-1.89,9.11,0.38,0.94,2.44,9.30,0,1.70,0.0513,-0.0792,1,0.781,0.000,0.00,0.00,0.781,0
phase1 acc_mag=9.007 gravity=9.761 motion=0.754 moving_avg=1.247 rms=1.720 mean_rms=2.159 max_rms=2.367 min_rms=1.720 std=0.126 var=0.016 state=standing thr=2.412/2.612/3.112
-26.88,-7.12,41.75,0.9070,0.1365,0.1973,-0.3459,-6.12,-2.60,17.40,-56.75,-57.31,-131.19,18.63,0,1.70,0.0527,-0.0768,1,0.781,0.000,0.00,0.00,0.781,0
-19.00,-5.44,37.81,0.9319,0.0967,0.1417,-0.3196,3.58,-0.78,0.52,-31.19,-48.81,37.38,3.70,0,1.70,0.0404,-0.0542,2,0.780,0.622,47.89,0.80,1.561,1
-23.81,-5.62,38.31,0.9232,0.1114,0.1804,-0.3207,4.54,-4.15,6.44,57.62,156.38,15.31,8.91,0,1.70,0.0523,-0.0643,2,0.780,0.622,47.89,0.80,1.561,0
-28.50,-11.81,35.62,0.9181,0.1646,0.2071,-0.2951,-0.64,-0.96,11.37,-25.25,-85.12,103.88,11.43,0,1.70,0.0566,-0.0849,2,0.780,0.622,47.89,0.80,1.561,0
phase1 acc_mag=10.553 gravity=10.089 motion=0.464 moving_avg=2.054 rms=3.202 mean_rms=2.213 max_rms=3.215 min_rms=1.720 std=0.277 var=0.077 state=walking thr=2.767/2.967/3.467
-27.75,-12.44,34.31,0.9224,0.1656,0.2015,-0.2849,0.93,-1.77,7.12,70.50,91.19,-51.56,7.40,0,1.70,0.0555,-0.0841,2,0.780,0.622,47.89,0.80,1.561,0
-29.38,-13.56,35.81,0.9144,0.1801,0.2100,-0.2955,-0.54,0.02,9.40,-7.81,-39.50,33.94,9.42,0,1.70,0.0555,-0.0907,2,0.780,0.622,47.89,0.80,1.561,0
-28.50,-13.19,34.81,0.9189,0.1736,0.2048,-0.2889,-0.45,-1.74,9.05,2.00,-5.50,-3.00,9.23,0,1.70,0.0552,-0.0875,2,0.780,0.622,47.89,0.80,1.561,0
-27.88,-12.81,35.50,0.9188,0.1711,0.1998,-0.2943,-2.21,-0.73,11.20,-5.62,-30.56,-3.81,11.44,0,1.70,0.0533,-0.0864,2,0.780,0.622,47.89,0.80,1.561,0
phase1 acc_mag=13.688 gravity=9.977 motion=3.710 moving_avg=1.944 rms=3.080 mean_rms=2.443 max_rms=3.220 min_rms=1.720 std=0.474 var=0.225 state=standing thr=3.392/3.592/4.092
-16.56,-8.50,36.12,0.9438,0.1064,0.1003,-0.2964,4.38,-2.19,3.29,-48.12,-186.12,142.12,5.90,0,1.70,0.0252,-0.0521,2,0.780,0.622,47.89,0.80,1.561,0
-11.38,-6.62,34.38,0.9490,0.0841,0.0783,-0.2936,3.50,0.14,1.85,-14.88,10.31,-21.88,3.96,0,1.70,0.0198,-0.0411,3,0.835,1.518,109.09,1.82,2.396,0
-20.38,-6.69,38.38,0.9244,0.1130,0.1594,-0.3275,-1.97,-2.75,14.16,-4.62,119.19,-69.19,14.56,0,1.70,0.0441,-0.0627,3,0.835,1.518,109.09,1.82,2.396,0
-21.62,-6.38,36.62,0.9310,0.1094,0.1619,-0.3082,0.75,-3.00,8.02,6.44,10.81,17.31,8.60,0,1.70,0.0468,-0.0607,3,0.835,1.518,109.09,1.82,2.396,0
phase1 acc_mag=9.157 gravity=9.845 motion=0.688 moving_avg=2.515 rms=3.705 mean_rms=2.714 max_rms=3.709 min_rms=1.720 std=0.639 var=0.409 state=standing thr=3.992/4.192/4.692
-22.38,-6.25,36.88,0.9291,0.1108,0.1682,-0.3102,0.33,-3.02,9.64,10.44,10.94,-12.19,10.11,0,1.70,0.0488,-0.0621,3,0.835,1.518,109.09,1.82,2.396,0
-22.81,-6.94,37.25,0.9272,0.1174,0.1695,-0.3127,0.97,-1.60,8.69,3.44,-1.38,6.25,8.89,0,1.70,0.0482,-0.0647,3,0.835,1.518,109.09,1.82,2.396,0
-23.25,-6.75,37.31,0.9261,0.1176,0.1744,-0.3130,0.22,-2.52,9.25,-0.81,9.81,-1.50,9.59,0,1.70,0.0499,-0.0654,3,0.835,1.518,109.09,1.82,2.396,0
-23.62,-6.88,37.44,0.9252,0.1192,0.1765,-0.3140,0.59,-2.34,8.90,5.62,6.69,-5.06,9.22,0,1.70,0.0504,-0.0663,3,0.835,1.518,109.09,1.82,2.396,0
phase1 acc_mag=9.084 gravity=9.868 motion=0.784 moving_avg=2.441 rms=3.690 mean_rms=3.046 max_rms=3.709 min_rms=1.720 std=0.652 var=0.425 state=standing thr=4.350/4.550/5.050
-24.56,-7.19,37.88,0.9223,0.1247,0.1827,-0.3168,0.31,-2.03,8.99,8.88,20.12,-7.44,9.22,0,1.70,0.0516,-0.0692,3,0.835,1.518,109.09,1.82,2.396,0
-23.62,-5.81,38.12,0.9239,0.1124,0.1783,-0.3194,-4.70,-3.74,17.42,-61.44,-93.44,0.19,18.43,0,1.70,0.0516,-0.0643,3,0.835,1.518,109.09,1.82,2.396,0
-12.31,-5.31,33.50,0.9510,0.0748,0.0897,-0.2864,4.93,0.61,-2.21,-66.12,-126.25,67.44,5.44,0,1.70,0.0256,-0.0387,3,0.835,1.518,109.09,1.82,2.396,0
phase1 acc_mag=7.912 gravity=9.536 motion=1.624 moving_avg=2.824 rms=3.971 mean_rms=3.438 max_rms=4.076 min_rms=2.167 std=0.430 var=0.185 state=standing thr=4.299/4.499/4.999
-13.81,-4.31,33.94,0.9470,0.0825,0.1151,-0.2885,6.90,-2.25,3.15,93.50,161.50,13.50,7.91,0,1.70,0.0341,-0.0445,4,0.821,1.210,88.37,1.47,3.217,0
-27.50,-7.69,37.12,0.9187,0.1340,0.2064,-0.3089,1.78,-2.89,5.29,19.69,-46.56,165.88,6.29,0,1.70,0.0593,-0.0748,4,0.821,1.210,88.37,1.47,3.217,0
-30.25,-10.56,35.50,0.9156,0.1585,0.2244,-0.2935,-3.94,-2.22,10.52,24.19,90.81,-51.12,11.45,0,1.70,0.0636,-0.0844,4,0.821,1.210,88.37,1.47,3.217,0
-30.56,-11.31,35.94,0.9139,0.1644,0.2235,-0.2963,-0.14,-1.26,7.38,-6.88,-20.62,0.81,7.49,0,1.70,0.0622,-0.0866,4,0.821,1.210,88.37,1.47,3.217,0
phase1 acc_mag=10.361 gravity=9.885 motion=0.476 moving_avg=2.504 rms=3.655 mean_rms=3.665 max_rms=4.234 min_rms=3.080 std=0.289 var=0.083 state=standing thr=4.243/4.443/4.943
-30.75,-10.88,36.19,0.9126,0.1631,0.2271,-0.2983,-1.80,-2.57,10.09,4.00,15.06,-14.94,10.57,0,1.70,0.0634,-0.0867,4,0.821,1.210,88.37,1.47,3.217,0
-30.50,-10.75,36.69,0.9119,0.1626,0.2244,-0.3027,-3.21,-1.62,11.31,8.69,-17.31,-29.06,11.87,0,1.70,0.0622,-0.0865,4,0.821,1.210,88.37,1.47,3.217,0
-20.94,-10.12,35.81,0.9393,0.1387,0.1266,-0.2870,-3.21,-1.46,9.51,67.81,-218.19,225.44,10.14,0,1.70,0.0316,-0.0666,4,0.821,1.210,88.37,1.47,3.217,0
-13.88,-9.75,34.50,0.9445,0.1157,0.0915,-0.2938,3.42,1.10,1.64,-7.25,30.75,-28.06,3.95,0,1.70,0.0210,-0.0545,5,0.909,1.634,107.91,1.80,4.126,0
phase1 acc_mag=5.314 gravity=9.743 motion=4.429 moving_avg=3.003 rms=4.351 mean_rms=3.832 max_rms=4.469 min_rms=3.328 std=0.260 var=0.068 state=standing thr=4.352/4.552/5.052
-24.44,-10.31,37.75,0.9132,0.1490,0.1946,-0.3255,-0.89,-1.49,12.67,-33.69,224.19,-173.12,12.79,0,1.70,0.0517,-0.0798,5,0.909,1.634,107.91,1.80,4.126,0
-27.25,-9.00,36.19,0.9210,0.1418,0.2025,-0.3010,0.73,-4.01,8.76,30.62,11.94,39.75,9.66,0,1.70,0.0575,-0.0766,5,0.909,1.634,107.91,1.80,4.126,0
-28.50,-9.25,36.12,0.9175,0.1476,0.2136,-0.3014,-1.50,-2.80,11.63,12.12,22.19,-22.00,12.06,0,1.70,0.0606,-0.0799,5,0.909,1.634,107.91,1.80,4.126,0
-28.50,-10.31,36.44,0.9171,0.1549,0.2093,-0.3019,0.34,-1.23,7.47,-0.31,-1.12,-3.62,7.58,0,1.70,0.0581,-0.0821,5,0.909,1.634,107.91,1.80,4.126,0
phase1 acc_mag=8.859 gravity=10.168 motion=1.309 moving_avg=2.815 rms=4.226 mean_rms=3.964 max_rms=4.469 min_rms=3.646 std=0.275 var=0.076 state=standing thr=4.513/4.713/5.213
-29.38,-9.75,36.94,0.9140,0.1534,0.2184,-0.3056,-0.71,-2.08,9.69,-2.19,16.31,-5.19,9.94,0,1.70,0.0611,-0.0828,5,0.909,1.634,107.91,1.80,4.126,0
-27.25,-8.62,39.31,0.9149,0.1425,0.1858,-0.3289,-5.80,-7.36,16.67,33.12,-167.19,-1.44,19.12,0,1.70,0.0492,-0.0766,5,0.909,1.634,107.91,1.80,4.126,0
-14.81,-10.12,36.19,0.9388,0.1222,0.0964,-0.3073,4.89,1.53,-0.65,-23.94,-33.44,-49.50,5.16,0,1.70,0.0212,-0.0577,6,0.870,1.726,119.05,1.98,4.996,1
-22.00,-10.12,37.94,0.9247,0.1414,0.1541,-0.3183,2.08,-2.33,13.12,7.38,190.50,-118.75,13.49,0,1.70,0.0390,-0.0719,6,0.870,1.726,119.05,1.98,4.996,0
phase1 acc_mag=16.615 gravity=10.542 motion=6.073 moving_avg=3.699 rms=4.952 mean_rms=4.173 max_rms=4.952 min_rms=3.646 std=0.365 var=0.133 state=slow thr=4.903/5.103/5.603
-26.50,-9.31,38.62,0.9155,0.1471,0.1926,-0.3213,1.72,-3.07,6.64,-1.88,33.00,36.31,7.51,0,1.70,0.0516,-0.0786,6,0.870,1.726,119.05,1.98,4.996,0
-29.81,-7.81,40.00,0.9063,0.1448,0.2221,-0.3290,-2.67,-2.79,13.06,-18.88,31.88,-19.62,13.62,0,1.70,0.0615,-0.0817,6,0.870,1.726,119.05,1.98,4.996,0
-29.31,-9.06,39.44,0.9080,0.1529,0.2148,-0.3255,0.90,-1.75,7.52,4.25,10.81,-14.50,7.77,0,1.70,0.0581,-0.0835,6,0.870,1.726,119.05,1.98,4.996,0
-29.31,-8.81,39.62,0.9075,0.1517,0.2151,-0.3273,0.10,-2.52,9.26,-0.38,-13.81,10.31,9.60,0,1.70,0.0582,-0.0832,6,0.870,1.726,119.05,1.98,4.996,0
phase1 acc_mag=8.922 gravity=10.398 motion=1.476 moving_avg=3.151 rms=4.409 mean_rms=4.344 max_rms=4.983 min_rms=3.646 std=0.406 var=0.165 state=standing thr=5.155/5.355/5.855
-29.62,-8.06,40.50,0.9015,0.1463,0.2164,-0.3451,-1.73,-4.23,16.17,21.44,-41.31,-131.62,16.80,0,1.70,0.0578,-0.0826,6,0.870,1.726,119.05,1.98,4.996,0
-15.56,-10.38,38.31,0.9321,0.1277,0.0995,-0.3241,8.84,-1.52,-6.54,-36.56,-204.06,-0.88,11.10,0,1.70,0.0206,-0.0605,6,0.870,1.726,119.05,1.98,4.996,0
phase1 acc_mag=0.000 gravity=10.838 motion=10.838 moving_avg=3.599 rms=5.452 mean_rms=4.416 max_rms=5.452 min_rms=3.646 std=0.456 var=0.208 state=slow thr=5.329/5.529/6.029
0.00,0.00,0.00,0.0000,0.0000,0.0000,0.0000,0.00,0.00,0.00,0.00,0.00,0.00,0.00,2,0.20,0.0000,0.0000,6,0.870,1.726,119.05,1.98,4.996,0
0.00,0.00,0.00,0.0000,0.0000,0.0000,0.0000,0.00,0.00,0.00,0.00,0.00,0.00,0.00,2,0.20,0.0000,0.0000,7,0.965,1.099,68.34,1.14,5.961,0
0.00,0.00,0.00,0.0000,0.0000,0.0000,0.0000,0.00,0.00,0.00,0.00,0.00,0.00,0.00,2,0.20,0.0000,0.0000,7,0.965,1.099,68.34,1.14,5.961,0
0.00,0.00,0.00,0.0000,0.0000,0.0000,0.0000,0.00,0.00,0.00,0.00,0.00,0.00,0.00,2,0.20,0.0000,0.0000,7,0.965,1.099,68.34,1.14,5.961,0
phase1 acc_mag=0.000 gravity=8.422 motion=8.422 moving_avg=4.926 rms=6.553 mean_rms=4.930 max_rms=6.780 min_rms=4.207 std=0.764 var=0.583 state=slow thr=6.458/6.658/7.158
0.00,0.00,0.00,0.0000,0.0000,0.0000,0.0000,0.00,0.00,0.00,0.00,0.00,0.00,0.00,2,0.20,0.0000,0.0000,7,0.965,1.099,68.34,1.14,5.961,0
0.00,0.00,0.00,0.0000,0.0000,0.0000,0.0000,0.00,0.00,0.00,0.00,0.00,0.00,0.00,2,0.20,0.0000,0.0000,7,0.965,1.099,68.34,1.14,5.961,0
0.00,0.00,0.00,0.0000,0.0000,0.0000,0.0000,0.00,0.00,0.00,0.00,0.00,0.00,0.00,2,0.20,0.0000,0.0000,7,0.965,1.099,68.34,1.14,5.961,0
0.00,0.00,0.00,0.0000,0.0000,0.0000,0.0000,0.00,0.00,0.00,0.00,0.00,0.00,0.00,2,0.20,0.0000,0.0000,7,0.965,1.099,68.34,1.14,5.961,0
phase1 acc_mag=0.000 gravity=6.606 motion=6.606 moving_avg=5.722 rms=7.123 mean_rms=5.437 max_rms=7.123 min_rms=4.207 std=1.010 var=1.020 state=standing thr=7.456/7.656/8.156
0.00,0.00,0.00,0.0000,0.0000,0.0000,0.0000,0.00,0.00,0.00,0.00,0.00,0.00,0.00,2,0.20,0.0000,0.0000,7,0.965,1.099,68.34,1.14,5.961,0
0.00,0.00,0.00,0.0000,0.0000,0.0000,0.0000,0.00,0.00,0.00,0.00,0.00,0.00,0.00,2,0.20,0.0000,0.0000,7,0.965,1.099,68.34,1.14,5.961,0
0.00,0.00,0.00,0.0000,0.0000,0.0000,0.0000,0.00,0.00,0.00,0.00,0.00,0.00,0.00,2,0.20,0.0000,0.0000,7,0.965,1.099,68.34,1.14,5.961,0
0.00,0.00,0.00,0.0000,0.0000,0.0000,0.0000,0.00,0.00,0.00,0.00,0.00,0.00,0.00,2,0.20,0.0000,0.0000,7,0.965,1.099,68.34,1.14,5.961,0
phase1 acc_mag=0.000 gravity=4.208 motion=4.208 moving_avg=6.118 rms=7.203 mean_rms=6.026 max_rms=7.415 min_rms=4.250 std=1.053 var=1.109 state=standing thr=8.132/8.332/8.832
0.00,0.00,0.00,0.0000,0.0000,0.0000,0.0000,0.00,0.00,0.00,0.00,0.00,0.00,0.00,2,0.20,0.0000,0.0000,7,0.965,1.099,68.34,1.14,5.961,0
0.00,0.00,0.00,0.0000,0.0000,0.0000,0.0000,0.00,0.00,0.00,0.00,0.00,0.00,0.00,2,0.20,0.0000,0.0000,7,0.965,1.099,68.34,1.14,5.961,0
0.00,0.00,0.00,0.0000,0.0000,0.0000,0.0000,0.00,0.00,0.00,0.00,0.00,0.00,0.00,2,0.20,0.0000,0.0000,7,0.965,1.099,68.34,1.14,5.961,0
0.00,0.00,0.00,0.0000,0.0000,0.0000,0.0000,0.00,0.00,0.00,0.00,0.00,0.00,0.00,2,0.20,0.0000,0.0000,7,0.965,1.099,68.34,1.14,5.961,0
phase1 acc_mag=0.000 gravity=2.425 motion=2.425 moving_avg=6.134 rms=7.175 mean_rms=6.487 max_rms=7.415 min_rms=4.250 std=0.948 var=0.899 state=standing thr=8.383/8.583/9.083
0.00,0.00,0.00,0.0000,0.0000,0.0000,0.0000,0.00,0.00,0.00,0.00,0.00,0.00,0.00,2,0.20,0.0000,0.0000,7,0.965,1.099,68.34,1.14,5.961,0
0.00,0.00,0.00,0.0000,0.0000,0.0000,0.0000,0.00,0.00,0.00,0.00,0.00,0.00,0.00,2,0.20,0.0000,0.0000,7,0.965,1.099,68.34,1.14,5.961,0
0.00,0.00,0.00,0.0000,0.0000,0.0000,0.0000,0.00,0.00,0.00,0.00,0.00,0.00,0.00,2,0.20,0.0000,0.0000,7,0.965,1.099,68.34,1.14,5.961,0
0.00,0.00,0.00,0.0000,0.0000,0.0000,0.0000,0.00,0.00,0.00,0.00,0.00,0.00,0.00,2,0.20,0.0000,0.0000,7,0.965,1.099,68.34,1.14,5.961,0
phase1 acc_mag=0.000 gravity=0.000 motion=0.000 moving_avg=5.494 rms=6.289 mean_rms=6.921 max_rms=7.415 min_rms=5.555 std=0.422 var=0.178 state=standing thr=7.765/7.965/8.465
0.00,0.00,0.00,0.0000,0.0000,0.0000,0.0000,0.00,0.00,0.00,0.00,0.00,0.00,0.00,2,0.20,0.0000,0.0000,7,0.965,1.099,68.34,1.14,5.961,0
0.00,0.00,0.00,0.0000,0.0000,0.0000,0.0000,0.00,0.00,0.00,0.00,0.00,0.00,0.00,2,0.20,0.0000,0.0000,7,0.965,1.099,68.34,1.14,5.961,0
0.00,0.00,0.00,0.0000,0.0000,0.0000,0.0000,0.00,0.00,0.00,0.00,0.00,0.00,0.00,2,0.20,0.0000,0.0000,7,0.965,1.099,68.34,1.14,5.961,0
0.00,0.00,0.00,0.0000,0.0000,0.0000,0.0000,0.00,0.00,0.00,0.00,0.00,0.00,0.00,2,0.20,0.0000,0.0000,7,0.965,1.099,68.34,1.14,5.961,0
phase1 acc_mag=0.000 gravity=0.000 motion=0.000 moving_avg=3.538 rms=4.510 mean_rms=6.728 max_rms=7.415 min_rms=4.510 std=0.767 var=0.588 state=standing thr=8.262/8.462/8.962
0.00,0.00,0.00,0.0000,0.0000,0.0000,0.0000,0.00,0.00,0.00,0.00,0.00,0.00,0.00,2,0.20,0.0000,0.0000,7,0.965,1.099,68.34,1.14,5.961,0
0.00,0.00,0.00,0.0000,0.0000,0.0000,0.0000,0.00,0.00,0.00,0.00,0.00,0.00,0.00,2,0.20,0.0000,0.0000,7,0.965,1.099,68.34,1.14,5.961,0
0.00,0.00,0.00,0.0000,0.0000,0.0000,0.0000,0.00,0.00,0.00,0.00,0.00,0.00,0.00,2,0.20,0.0000,0.0000,7,0.965,1.099,68.34,1.14,5.961,0
0.00,0.00,0.00,0.0000,0.0000,0.0000,0.0000,0.00,0.00,0.00,0.00,0.00,0.00,0.00,2,0.20,0.0000,0.0000,7,0.965,1.099,68.34,1.14,5.961,0
phase1 acc_mag=0.000 gravity=0.000 motion=0.000 moving_avg=2.027 rms=2.974 mean_rms=6.091 max_rms=7.415 min_rms=2.974 std=1.434 var=2.057 state=standing thr=8.960/9.160/9.660
0.00,0.00,0.00,0.0000,0.0000,0.0000,0.0000,0.00,0.00,0.00,0.00,0.00,0.00,0.00,2,0.20,0.0000,0.0000,7,0.965,1.099,68.34,1.14,5.961,0
0.00,0.00,0.00,0.0000,0.0000,0.0000,0.0000,0.00,0.00,0.00,0.00,0.00,0.00,0.00,2,0.20,0.0000,0.0000,7,0.965,1.099,68.34,1.14,5.961,0
0.00,0.00,0.00,0.0000,0.0000,0.0000,0.0000,0.00,0.00,0.00,0.00,0.00,0.00,0.00,2,0.20,0.0000,0.0000,7,0.965,0.000,0.00,0.00,5.961,0
0.00,0.00,0.00,0.0000,0.0000,0.0000,0.0000,0.00,0.00,0.00,0.00,0.00,0.00,0.00,2,0.20,0.0000,0.0000,7,0.965,0.000,0.00,0.00,5.961,0
phase1 acc_mag=0.000 gravity=0.000 motion=0.000 moving_avg=0.978 rms=1.724 mean_rms=5.141 max_rms=7.213 min_rms=1.724 std=1.911 var=3.653 state=standing thr=8.964/9.164/9.664
0.00,0.00,0.00,0.0000,0.0000,0.0000,0.0000,0.00,0.00,0.00,0.00,0.00,0.00,0.00,2,0.20,0.0000,0.0000,7,0.965,0.000,0.00,0.00,5.961,0
0.00,0.00,0.00,0.0000,0.0000,0.0000,0.0000,0.00,0.00,0.00,0.00,0.00,0.00,0.00,2,0.20,0.0000,0.0000,7,0.965,0.000,0.00,0.00,5.961,0
0.00,0.00,0.00,0.0000,0.0000,0.0000,0.0000,0.00,0.00,0.00,0.00,0.00,0.00,0.00,2,0.20,0.0000,0.0000,7,0.965,0.000,0.00,0.00,5.961,0
0.00,0.00,0.00,0.0000,0.0000,0.0000,0.0000,0.00,0.00,0.00,0.00,0.00,0.00,0.00,2,0.20,0.0000,0.0000,7,0.965,0.000,0.00,0.00,5.961,0
phase1 acc_mag=0.000 gravity=0.000 motion=0.000 moving_avg=0.310 rms=0.762 mean_rms=4.005 max_rms=7.185 min_rms=0.762 std=2.127 var=4.526 state=standing thr=8.260/8.460/8.960
0.00,0.00,0.00,0.0000,0.0000,0.0000,0.0000,0.00,0.00,0.00,0.00,0.00,0.00,0.00,2,0.20,0.0000,0.0000,7,0.965,0.000,0.00,0.00,5.961,0
0.00,0.00,0.00,0.0000,0.0000,0.0000,0.0000,0.00,0.00,0.00,0.00,0.00,0.00,0.00,2,0.20,0.0000,0.0000,7,0.965,0.000,0.00,0.00,5.961,0
0.00,0.00,0.00,0.0000,0.0000,0.0000,0.0000,0.00,0.00,0.00,0.00,0.00,0.00,0.00,2,0.20,0.0000,0.0000,7,0.965,0.000,0.00,0.00,5.961,0
0.00,0.00,0.00,0.0000,0.0000,0.0000,0.0000,0.00,0.00,0.00,0.00,0.00,0.00,0.00,2,0.20,0.0000,0.0000,7,0.965,0.000,0.00,0.00,5.961,0
phase1 acc_mag=0.000 gravity=0.000 motion=0.000 moving_avg=0.001 rms=0.012 mean_rms=2.727 max_rms=6.381 min_rms=0.012 std=1.907 var=3.635 state=standing thr=6.540/6.740/7.240
0.00,0.00,0.00,0.0000,0.0000,0.0000,0.0000,0.00,0.00,0.00,0.00,0.00,0.00,0.00,2,0.20,0.0000,0.0000,7,0.965,0.000,0.00,0.00,5.961,0
0.00,0.00,0.00,0.0000,0.0000,0.0000,0.0000,0.00,0.00,0.00,0.00,0.00,0.00,0.00,2,0.20,0.0000,0.0000,7,0.965,0.000,0.00,0.00,5.961,0
0.00,0.00,0.00,0.0000,0.0000,0.0000,0.0000,0.00,0.00,0.00,0.00,0.00,0.00,0.00,2,0.20,0.0000,0.0000,7,0.965,0.000,0.00,0.00,5.961,0
0.00,0.00,0.00,0.0000,0.0000,0.0000,0.0000,0.00,0.00,0.00,0.00,0.00,0.00,0.00,2,0.20,0.0000,0.0000,7,0.965,0.000,0.00,0.00,5.961,0
phase1 acc_mag=0.000 gravity=0.000 motion=0.000 moving_avg=0.000 rms=0.004 mean_rms=1.655 max_rms=4.754 min_rms=0.004 std=1.493 var=2.230 state=standing thr=4.641/4.841/5.341
0.00,0.00,0.00,0.0000,0.0000,0.0000,0.0000,0.00,0.00,0.00,0.00,0.00,0.00,0.00,2,0.20,0.0000,0.0000,7,0.965,0.000,0.00,0.00,5.961,0
phase1 acc_mag=0.000 gravity=0.000 motion=0.000 moving_avg=0.000 rms=0.004 mean_rms=1.607 max_rms=4.669 min_rms=0.004 std=1.469 var=2.159 state=standing thr=4.546/4.746/5.246
0.00,0.00,0.00,0.0000,0.0000,0.0000,0.0000,0.00,0.00,0.00,0.00,0.00,0.00,0.00,2,0.20,0.0000,0.0000,7,0.965,0.000,0.00,0.00,5.961,0
0.00,0.00,0.00,0.0000,0.0000,0.0000,0.0000,0.00,0.00,0.00,0.00,0.00,0.00,0.00,2,0.20,0.0000,0.0000,7,0.965,0.000,0.00,0.00,5.961,0
0.00,0.00,0.00,0.0000,0.0000,0.0000,0.0000,0.00,0.00,0.00,0.00,0.00,0.00,0.00,2,0.20,0.0000,0.0000,7,0.965,0.000,0.00,0.00,5.961,0
0.00,0.00,0.00,0.0000,0.0000,0.0000,0.0000,0.00,0.00,0.00,0.00,0.00,0.00,0.00,2,0.20,0.0000,0.0000,7,0.965,0.000,0.00,0.00,5.961,0
phase1 acc_mag=0.000 gravity=0.000 motion=0.000 moving_avg=0.000 rms=0.004 mean_rms=0.855 max_rms=3.193 min_rms=0.004 std=0.997 var=0.993 state=standing thr=2.848/3.048/3.548
0.00,0.00,0.00,0.0000,0.0000,0.0000,0.0000,0.00,0.00,0.00,0.00,0.00,0.00,0.00,2,0.20,0.0000,0.0000,7,0.965,0.000,0.00,0.00,5.961,0
0.00,0.00,0.00,0.0000,0.0000,0.0000,0.0000,0.00,0.00,0.00,0.00,0.00,0.00,0.00,2,0.20,0.0000,0.0000,7,0.965,0.000,0.00,0.00,5.961,0
0.00,0.00,0.00,0.0000,0.0000,0.0000,0.0000,0.00,0.00,0.00,0.00,0.00,0.00,0.00,2,0.20,0.0000,0.0000,7,0.965,0.000,0.00,0.00,5.961,0
0.00,0.00,0.00,0.0000,0.0000,0.0000,0.0000,0.00,0.00,0.00,0.00,0.00,0.00,0.00,2,0.20,0.0000,0.0000,7,0.965,0.000,0.00,0.00,5.961,0
phase1 acc_mag=0.000 gravity=0.000 motion=0.000 moving_avg=0.000 rms=0.004 mean_rms=0.370 max_rms=1.884 min_rms=0.004 std=0.564 var=0.318 state=standing thr=1.497/1.697/2.197
0.00,0.00,0.00,0.0000,0.0000,0.0000,0.0000,0.00,0.00,0.00,0.00,0.00,0.00,0.00,2,0.20,0.0000,0.0000,7,0.965,0.000,0.00,0.00,5.961,0
0.00,0.00,0.00,0.0000,0.0000,0.0000,0.0000,0.00,0.00,0.00,0.00,0.00,0.00,0.00,2,0.20,0.0000,0.0000,7,0.965,0.000,0.00,0.00,5.961,0
0.00,0.00,0.00,0.0000,0.0000,0.0000,0.0000,0.00,0.00,0.00,0.00,0.00,0.00,0.00,2,0.20,0.0000,0.0000,7,0.965,0.000,0.00,0.00,5.961,0
0.00,0.00,0.00,0.0000,0.0000,0.0000,0.0000,0.00,0.00,0.00,0.00,0.00,0.00,0.00,2,0.20,0.0000,0.0000,7,0.965,0.000,0.00,0.00,5.961,0
phase1 acc_mag=0.000 gravity=0.000 motion=0.000 moving_avg=0.000 rms=0.004 mean_rms=0.102 max_rms=0.902 min_rms=0.004 std=0.223 var=0.050 state=standing thr=0.549/0.749/1.249
0.00,0.00,0.00,0.0000,0.0000,0.0000,0.0000,0.00,0.00,0.00,0.00,0.00,0.00,0.00,2,0.20,0.0000,0.0000,7,0.965,0.000,0.00,0.00,5.961,0
0.00,0.00,0.00,0.0000,0.0000,0.0000,0.0000,0.00,0.00,0.00,0.00,0.00,0.00,0.00,2,0.20,0.0000,0.0000,7,0.965,0.000,0.00,0.00,5.961,0
0.00,0.00,0.00,0.0000,0.0000,0.0000,0.0000,0.00,0.00,0.00,0.00,0.00,0.00,0.00,2,0.20,0.0000,0.0000,7,0.965,0.000,0.00,0.00,5.961,0
0.00,0.00,0.00,0.0000,0.0000,0.0000,0.0000,0.00,0.00,0.00,0.00,0.00,0.00,0.00,2,0.20,0.0000,0.0000,7,0.965,0.000,0.00,0.00,5.961,0
phase1 acc_mag=0.000 gravity=0.000 motion=0.000 moving_avg=0.000 rms=0.004 mean_rms=0.005 max_rms=0.089 min_rms=0.004 std=0.009 var=0.000 state=standing thr=0.080/0.350/0.850
0.00,0.00,0.00,0.0000,0.0000,0.0000,0.0000,0.00,0.00,0.00,0.00,0.00,0.00,0.00,2,0.20,0.0000,0.0000,7,0.965,0.000,0.00,0.00,5.961,0
0.00,0.00,0.00,0.0000,0.0000,0.0000,0.0000,0.00,0.00,0.00,0.00,0.00,0.00,0.00,2,0.20,0.0000,0.0000,7,0.965,0.000,0.00,0.00,5.961,0
0.00,0.00,0.00,0.0000,0.0000,0.0000,0.0000,0.00,0.00,0.00,0.00,0.00,0.00,0.00,2,0.20,0.0000,0.0000,7,0.965,0.000,0.00,0.00,5.961,0
0.00,0.00,0.00,0.0000,0.0000,0.0000,0.0000,0.00,0.00,0.00,0.00,0.00,0.00,0.00,2,0.20,0.0000,0.0000,7,0.965,0.000,0.00,0.00,5.961,0
phase1 acc_mag=0.000 gravity=0.000 motion=0.000 moving_avg=0.000 rms=0.004 mean_rms=0.004 max_rms=0.004 min_rms=0.004 std=0.000 var=0.000 state=standing thr=0.080/0.350/0.850
0.00,0.00,0.00,0.0000,0.0000,0.0000,0.0000,0.00,0.00,0.00,0.00,0.00,0.00,0.00,2,0.20,0.0000,0.0000,7,0.965,0.000,0.00,0.00,5.961,0
0.00,0.00,0.00,0.0000,0.0000,0.0000,0.0000,0.00,0.00,0.00,0.00,0.00,0.00,0.00,2,0.20,0.0000,0.0000,7,0.965,0.000,0.00,0.00,5.961,0
0.00,0.00,0.00,0.0000,0.0000,0.0000,0.0000,0.00,0.00,0.00,0.00,0.00,0.00,0.00,2,0.20,0.0000,0.0000,7,0.965,0.000,0.00,0.00,5.961,0
0.00,0.00,0.00,0.0000,0.0000,0.0000,0.0000,0.00,0.00,0.00,0.00,0.00,0.00,0.00,2,0.20,0.0000,0.0000,7,0.965,0.000,0.00,0.00,5.961,0
phase1 acc_mag=0.000 gravity=0.000 motion=0.000 moving_avg=0.000 rms=0.004 mean_rms=0.004 max_rms=0.004 min_rms=0.004 std=0.000 var=0.000 state=standing thr=0.080/0.350/0.850
0.00,0.00,0.00,0.0000,0.0000,0.0000,0.0000,0.00,0.00,0.00,0.00,0.00,0.00,0.00,2,0.20,0.0000,0.0000,7,0.965,0.000,0.00,0.00,5.961,0
0.00,0.00,0.00,0.0000,0.0000,0.0000,0.0000,0.00,0.00,0.00,0.00,0.00,0.00,0.00,2,0.20,0.0000,0.0000,7,0.965,0.000,0.00,0.00,5.961,0
0.00,0.00,0.00,0.0000,0.0000,0.0000,0.0000,0.00,0.00,0.00,0.00,0.00,0.00,0.00,2,0.20,0.0000,0.0000,7,0.965,0.000,0.00,0.00,5.961,0
0.00,0.00,0.00,0.0000,0.0000,0.0000,0.0000,0.00,0.00,0.00,0.00,0.00,0.00,0.00,2,0.20,0.0000,0.0000,7,0.965,0.000,0.00,0.00,5.961,0
phase1 acc_mag=0.000 gravity=0.000 motion=0.000 moving_avg=0.000 rms=0.004 mean_rms=0.004 max_rms=0.004 min_rms=0.004 std=0.000 var=0.000 state=standing thr=0.080/0.350/0.850
0.00,0.00,0.00,0.0000,0.0000,0.0000,0.0000,0.00,0.00,0.00,0.00,0.00,0.00,0.00,2,0.20,0.0000,0.0000,7,0.965,0.000,0.00,0.00,5.961,0
0.00,0.00,0.00,0.0000,0.0000,0.0000,0.0000,0.00,0.00,0.00,0.00,0.00,0.00,0.00,2,0.20,0.0000,0.0000,7,0.965,0.000,0.00,0.00,5.961,0
0.00,0.00,0.00,0.0000,0.0000,0.0000,0.0000,0.00,0.00,0.00,0.00,0.00,0.00,0.00,2,0.20,0.0000,0.0000,7,0.965,0.000,0.00,0.00,5.961,0
phase1 acc_mag=0.000 gravity=0.000 motion=0.000 moving_avg=0.000 rms=0.004 mean_rms=0.004 max_rms=0.004 min_rms=0.004 std=0.000 var=0.000 state=standing thr=0.080/0.350/0.850
0.00,0.00,0.00,0.0000,0.0000,0.0000,0.0000,0.00,0.00,0.00,0.00,0.00,0.00,0.00,2,0.20,0.0000,0.0000,7,0.965,0.000,0.00,0.00,5.961,0
0.00,0.00,0.00,0.0000,0.0000,0.0000,0.0000,0.00,0.00,0.00,0.00,0.00,0.00,0.00,2,0.20,0.0000,0.0000,7,0.965,0.000,0.00,0.00,5.961,0
0.00,0.00,0.00,0.0000,0.0000,0.0000,0.0000,0.00,0.00,0.00,0.00,0.00,0.00,0.00,2,0.20,0.0000,0.0000,7,0.965,0.000,0.00,0.00,5.961,0
0.00,0.00,0.00,0.0000,0.0000,0.0000,0.0000,0.00,0.00,0.00,0.00,0.00,0.00,0.00,2,0.20,0.0000,0.0000,7,0.965,0.000,0.00,0.00,5.961,0
phase1 acc_mag=0.000 gravity=0.000 motion=0.000 moving_avg=0.000 rms=0.004 mean_rms=0.004 max_rms=0.004 min_rms=0.004 std=0.000 var=0.000 state=standing thr=0.080/0.350/0.850
0.00,0.00,0.00,0.0000,0.0000,0.0000,0.0000,0.00,0.00,0.00,0.00,0.00,0.00,0.00,2,0.20,0.0000,0.0000,7,0.965,0.000,0.00,0.00,5.961,0
0.00,0.00,0.00,0.0000,0.0000,0.0000,0.0000,0.00,0.00,0.00,0.00,0.00,0.00,0.00,2,0.20,0.0000,0.0000,7,0.965,0.000,0.00,0.00,5.961,0
0.00,0.00,0.00,0.0000,0.0000,0.0000,0.0000,0.00,0.00,0.00,0.00,0.00,0.00,0.00,2,0.20,0.0000,0.0000,7,0.965,0.000,0.00,0.00,5.961,0
0.00,0.00,0.00,0.0000,0.0000,0.0000,0.0000,0.00,0.00,0.00,0.00,0.00,0.00,0.00,2,0.20,0.0000,0.0000,7,0.965,0.000,0.00,0.00,5.961,0
phase1 acc_mag=0.000 gravity=0.000 motion=0.000 moving_avg=0.000 rms=0.004 mean_rms=0.004 max_rms=0.004 min_rms=0.004 std=0.000 var=0.000 state=standing thr=0.080/0.350/0.850
0.00,0.00,0.00,0.0000,0.0000,0.0000,0.0000,0.00,0.00,0.00,0.00,0.00,0.00,0.00,2,0.20,0.0000,0.0000,7,0.965,0.000,0.00,0.00,5.961,0
0.00,0.00,0.00,0.0000,0.0000,0.0000,0.0000,0.00,0.00,0.00,0.00,0.00,0.00,0.00,2,0.20,0.0000,0.0000,7,0.965,0.000,0.00,0.00,5.961,0
0.00,0.00,0.00,0.0000,0.0000,0.0000,0.0000,0.00,0.00,0.00,0.00,0.00,0.00,0.00,2,0.20,0.0000,0.0000,7,0.965,0.000,0.00,0.00,5.961,0
0.00,0.00,0.00,0.0000,0.0000,0.0000,0.0000,0.00,0.00,0.00,0.00,0.00,0.00,0.00,2,0.20,0.0000,0.0000,7,0.965,0.000,0.00,0.00,5.961,0
phase1 acc_mag=0.000 gravity=0.000 motion=0.000 moving_avg=0.000 rms=0.004 mean_rms=0.004 max_rms=0.004 min_rms=0.004 std=0.000 var=0.000 state=standing thr=0.080/0.350/0.850
0.00,0.00,0.00,0.0000,0.0000,0.0000,0.0000,0.00,0.00,0.00,0.00,0.00,0.00,0.00,2,0.20,0.0000,0.0000,7,0.965,0.000,0.00,0.00,5.961,0
0.00,0.00,0.00,0.0000,0.0000,0.0000,0.0000,0.00,0.00,0.00,0.00,0.00,0.00,0.00,2,0.20,0.0000,0.0000,7,0.965,0.000,0.00,0.00,5.961,0
0.00,0.00,0.00,0.0000,0.0000,0.0000,0.0000,0.00,0.00,0.00,0.00,0.00,0.00,0.00,2,0.20,0.0000,0.0000,7,0.965,0.000,0.00,0.00,5.961,0
0.00,0.00,0.00,0.0000,0.0000,0.0000,0.0000,0.00,0.00,0.00,0.00,0.00,0.00,0.00,2,0.20,0.0000,0.0000,7,0.965,0.000,0.00,0.00,5.961,0
phase1 acc_mag=0.000 gravity=0.000 motion=0.000 moving_avg=0.000 rms=0.004 mean_rms=0.004 max_rms=0.004 min_rms=0.004 std=0.000 var=0.000 state=standing thr=0.080/0.350/0.850
0.00,0.00,0.00,0.0000,0.0000,0.0000,0.0000,0.00,0.00,0.00,0.00,0.00,0.00,0.00,2,0.20,0.0000,0.0000,7,0.965,0.000,0.00,0.00,5.961,0
0.00,0.00,0.00,0.0000,0.0000,0.0000,0.0000,0.00,0.00,0.00,0.00,0.00,0.00,0.00,2,0.20,0.0000,0.0000,7,0.965,0.000,0.00,0.00,5.961,0
0.00,0.00,0.00,0.0000,0.0000,0.0000,0.0000,0.00,0.00,0.00,0.00,0.00,0.00,0.00,2,0.20,0.0000,0.0000,7,0.965,0.000,0.00,0.00,5.961,0
0.00,0.00,0.00,0.0000,0.0000,0.0000,0.0000,0.00,0.00,0.00,0.00,0.00,0.00,0.00,2,0.20,0.0000,0.0000,7,0.965,0.000,0.00,0.00,5.961,0
phase1 acc_mag=0.000 gravity=0.000 motion=0.000 moving_avg=0.000 rms=0.004 mean_rms=0.004 max_rms=0.004 min_rms=0.004 std=0.000 var=0.000 state=standing thr=0.080/0.350/0.850
0.00,0.00,0.00,0.0000,0.0000,0.0000,0.0000,0.00,0.00,0.00,0.00,0.00,0.00,0.00,2,0.20,0.0000,0.0000,7,0.965,0.000,0.00,0.00,5.961,0
0.00,0.00,0.00,0.0000,0.0000,0.0000,0.0000,0.00,0.00,0.00,0.00,0.00,0.00,0.00,2,0.20,0.0000,0.0000,7,0.965,0.000,0.00,0.00,5.961,0
0.00,0.00,0.00,0.0000,0.0000,0.0000,0.0000,0.00,0.00,0.00,0.00,0.00,0.00,0.00,2,0.20,0.0000,0.0000,7,0.965,0.000,0.00,0.00,5.961,0
0.00,0.00,0.00,0.0000,0.0000,0.0000,0.0000,0.00,0.00,0.00,0.00,0.00,0.00,0.00,2,0.20,0.0000,0.0000,7,0.965,0.000,0.00,0.00,5.961,0
phase1 acc_mag=0.000 gravity=0.000 motion=0.000 moving_avg=0.000 rms=0.004 mean_rms=0.004 max_rms=0.004 min_rms=0.004 std=0.000 var=0.000 state=standing thr=0.080/0.350/0.850
0.00,0.00,0.00,0.0000,0.0000,0.0000,0.0000,0.00,0.00,0.00,0.00,0.00,0.00,0.00,2,0.20,0.0000,0.0000,7,0.965,0.000,0.00,0.00,5.961,0
BNO055 NOT found! Expected 0xA0, got 0x00
BNO055 NOT found! Expected 0xA0, got 0x00
BNO055 detected! Chip ID: 0xA0
BNO055 initialized successfully!
roll,pitch,yaw,qw,qx,qy,qz,accx,accy,accz,gyrox,gyroy,gyroz,svm,state,z_v,lever_offx,lever_offy,steps,stride_m,velocity_mps,cadence_spm,cadence_sps,distance_m,step_flag
phase1 acc_mag=9.203 gravity=9.203 motion=0.000 moving_avg=0.000 rms=0.000 mean_rms=0.000 max_rms=0.000 min_rms=0.000 std=0.000 var=0.000 state=standing thr=0.080/0.350/0.850
0.00,0.00,0.00,0.0000,0.0000,0.0000,0.0000,-0.09,-0.23,9.20,13.88,-2.19,6.44,9.20,0,1.70,0.0000,0.0000,0,0.000,0.000,0.00,0.00,0.000,0
-1.12,-1.25,0.12,0.9999,0.0110,0.0101,-0.0012,0.06,1.75,9.27,10.31,1.31,10.00,9.43,0,1.70,0.0040,-0.0044,0,0.000,0.000,0.00,0.00,0.000,0
-0.88,-1.38,359.69,0.9999,0.0121,0.0088,0.0016,1.17,0.83,8.83,-0.19,8.25,-8.19,8.95,0,1.70,0.0035,-0.0049,0,0.000,0.000,0.00,0.00,0.000,0
-1.31,-0.81,359.50,0.9999,0.0063,0.0123,0.0038,0.62,0.15,8.87,-11.38,8.69,-2.94,8.89,0,1.70,0.0049,-0.0025,0,0.000,0.000,0.00,0.00,0.000,0
phase1 acc_mag=9.240 gravity=9.303 motion=0.063 moving_avg=0.244 rms=0.311 mean_rms=0.232 max_rms=0.335 min_rms=0.000 std=0.098 var=0.010 state=standing thr=0.427/0.627/1.127
-1.69,-0.94,359.81,0.9998,0.0086,0.0153,0.0014,0.46,0.19,9.24,-0.62,9.12,-3.81,9.25,0,1.70,0.0061,-0.0034,0,0.000,0.000,0.00,0.00,0.000,0
2.62,-4.19,359.75,0.9990,0.0369,-0.0229,0.0018,0.41,0.66,9.11,10.19,10.00,1.31,9.14,0,1.70,-0.0091,-0.0148,0,0.000,0.000,0.00,0.00,0.000,0
2.56,-3.75,359.75,0.9992,0.0331,-0.0223,0.0017,-0.61,-1.29,13.79,-46.69,-22.62,4.06,13.86,0,1.70,-0.0089,-0.0132,0,0.000,0.000,0.00,0.00,0.000,0
8.94,6.56,356.31,0.9948,-0.0547,-0.0800,0.0316,4.60,2.93,4.29,-196.06,-91.31,84.69,6.94,0,1.70,-0.0325,0.0208,0,0.000,0.000,0.00,0.00,0.000,0
phase1 acc_mag=4.168 gravity=9.631 motion=5.464 moving_avg=0.862 rms=1.662 mean_rms=0.467 max_rms=1.662 min_rms=0.000 std=0.445 var=0.198 state=walking thr=1.357/1.557/2.057
7.50,10.44,354.88,0.9938,-0.0814,-0.0609,0.0437,4.02,0.14,2.01,81.25,101.19,-0.56,4.50,0,1.70,-0.0256,0.0313,1,0.712,0.000,0.00,0.00,0.712,0
4.69,1.38,354.25,0.9979,-0.0103,-0.0417,0.0496,-0.12,0.75,12.25,31.38,8.56,-22.81,12.27,0,1.70,-0.0168,0.0033,1,0.712,0.000,0.00,0.00,0.712,0
4.69,1.31,354.06,0.9977,-0.0098,-0.0418,0.0515,0.91,-0.63,8.59,-4.31,1.44,-1.44,8.66,0,1.70,-0.0169,0.0030,1,0.712,0.000,0.00,0.00,0.712,0
4.62,1.19,354.44,0.9979,-0.0085,-0.0411,0.0483,1.15,0.18,8.86,-2.19,-0.44,3.75,8.94,0,1.70,-0.0166,0.0026,1,0.712,0.000,0.00,0.00,0.712,0
phase1 acc_mag=8.747 gravity=9.602 motion=0.856 moving_avg=1.245 rms=2.078 mean_rms=1.017 max_rms=2.275 min_rms=0.000 std=0.870 var=0.757 state=standing thr=2.758/2.958/3.458
4.25,0.88,354.94,0.9983,-0.0060,-0.0378,0.0438,-0.30,-0.93,11.97,7.50,3.81,-16.81,12.01,0,1.70,-0.0152,0.0017,1,0.712,0.000,0.00,0.00,0.712,0
8.69,9.19,354.12,0.9905,-0.0919,-0.0880,0.0530,3.41,0.96,4.60,-194.25,-85.62,36.75,5.81,0,1.70,-0.0368,0.0345,1,0.712,0.000,0.00,0.00,0.712,0
8.50,15.81,352.56,0.9857,-0.1314,-0.0839,0.0638,1.81,-4.93,5.70,70.75,35.88,2.50,7.75,0,1.70,-0.0364,0.0497,2,0.776,1.813,140.19,2.34,1.488,0
phase1 acc_mag=11.341 gravity=9.785 motion=1.556 moving_avg=1.817 rms=2.736 mean_rms=1.394 max_rms=2.754 min_rms=0.000 std=1.009 var=1.018 state=standing thr=3.412/3.612/4.112
7.62,8.31,353.25,0.9938,-0.0656,-0.0692,0.0565,-0.20,-1.16,11.28,34.12,19.88,-24.56,11.34,0,1.70,-0.0290,0.0245,2,0.776,1.813,140.19,2.34,1.488,0
6.81,6.44,353.88,0.9955,-0.0511,-0.0612,0.0519,0.60,-2.15,9.56,18.31,17.75,-14.31,9.82,0,1.70,-0.0254,0.0191,2,0.776,1.813,140.19,2.34,1.488,0
5.88,3.44,354.69,0.9971,-0.0276,-0.0530,0.0458,0.93,-0.92,9.12,54.75,19.12,-20.25,9.21,0,1.70,-0.0216,0.0100,2,0.776,1.813,140.19,2.34,1.488,0
6.62,3.56,355.56,0.9959,-0.0406,-0.0670,0.0443,0.09,3.17,16.16,-137.81,-90.38,78.00,16.47,0,1.70,-0.0274,0.0150,2,0.776,1.813,140.19,2.34,1.488,0
phase1 acc_mag=1.604 gravity=9.890 motion=8.286 moving_avg=2.119 rms=3.115 mean_rms=1.726 max_rms=3.115 min_rms=0.118 std=1.019 var=1.038 state=standing thr=3.764/3.964/4.464
8.62,19.12,352.25,0.9811,-0.1595,-0.0875,0.0664,2.36,-5.32,0.32,-214.31,16.56,-31.38,5.83,0,1.70,-0.0386,0.0603,3,0.810,1.948,144.23,2.40,2.298,1
7.50,14.81,350.88,0.9882,-0.1042,-0.0789,0.0792,-1.51,-6.03,11.68,195.12,-20.44,-3.69,13.23,0,1.70,-0.0345,0.0387,3,0.810,1.948,144.23,2.40,2.298,0
8.44,7.19,351.88,0.9929,-0.0571,-0.0780,0.0703,1.90,1.28,7.52,62.00,10.19,-22.38,7.86,0,1.70,-0.0326,0.0205,3,0.810,1.948,144.23,2.40,2.298,0
6.62,2.81,353.75,0.9965,-0.0213,-0.0596,0.0543,0.57,-0.81,9.92,81.25,39.38,-47.44,9.97,0,1.70,-0.0242,0.0072,3,0.810,1.948,144.23,2.40,2.298,0
phase1 acc_mag=12.551 gravity=9.965 motion=2.586 moving_avg=2.508 rms=3.306 mean_rms=2.292 max_rms=3.306 min_rms=0.267 std=0.867 var=0.752 state=standing thr=4.026/4.226/4.726
6.44,0.62,354.50,0.9973,-0.0028,-0.0567,0.0477,0.57,0.84,12.15,-39.00,-20.75,11.31,12.19,0,1.70,-0.0227,0.0000,3,0.810,1.948,144.23,2.40,2.298,0
8.50,8.00,352.50,0.9908,-0.0784,-0.0842,0.0707,0.41,-1.37,12.66,-161.38,-52.38,74.19,12.74,0,1.70,-0.0356,0.0287,3,0.810,1.948,144.23,2.40,2.298,0
6.88,16.31,352.88,0.9861,-0.1376,-0.0696,0.0612,2.83,-2.41,2.06,27.25,80.06,-46.00,4.25,0,1.70,-0.0308,0.0526,4,0.720,1.855,154.64,2.58,3.018,0
4.62,6.00,355.88,0.9978,-0.0352,-0.0442,0.0346,-0.51,0.00,11.76,217.69,-19.44,-37.56,11.77,0,1.70,-0.0181,0.0134,4,0.720,1.855,154.64,2.58,3.018,0
phase1 acc_mag=14.134 gravity=9.946 motion=4.188 moving_avg=2.825 rms=3.486 mean_rms=2.819 max_rms=3.546 min_rms=1.942 std=0.488 var=0.238 state=standing thr=3.794/3.994/4.494
4.81,2.12,356.00,0.9984,-0.0174,-0.0428,0.0344,0.86,0.74,8.37,-9.81,1.75,14.88,8.45,0,1.70,-0.0173,0.0064,4,0.720,1.855,154.64,2.58,3.018,0
3.81,2.00,357.19,0.9991,-0.0139,-0.0324,0.0226,0.31,-1.06,9.33,31.81,14.94,-23.69,9.40,0,1.70,-0.0131,0.0053,4,0.720,1.855,154.64,2.58,3.018,0
2.69,-1.38,359.56,0.9996,0.0121,-0.0237,0.0034,-1.30,2.00,17.05,1.88,-10.44,-18.81,17.22,0,1.70,-0.0095,-0.0049,4,0.720,1.855,154.64,2.58,3.018,0
phase1 acc_mag=5.518 gravity=10.107 motion=4.590 moving_avg=3.088 rms=3.804 mean_rms=3.095 max_rms=3.804 min_rms=2.049 std=0.403 var=0.163 state=standing thr=3.902/4.102/4.602
7.81,12.50,356.12,0.9884,-0.1292,-0.0738,0.0302,4.06,-3.48,-1.36,-280.19,-6.69,-15.56,5.52,0,1.70,-0.0307,0.0502,4,0.720,1.855,154.64,2.58,3.018,0
7.69,10.25,353.75,0.9922,-0.0852,-0.0724,0.0536,4.48,4.66,11.75,193.38,-70.06,78.56,13.41,0,1.70,-0.0306,0.0323,5,0.821,1.866,136.36,2.27,3.839,0
6.69,7.81,354.19,0.9950,-0.0625,-0.0598,0.0501,1.54,-0.12,6.87,44.81,22.31,5.19,7.04,0,1.70,-0.0251,0.0237,5,0.821,1.866,136.36,2.27,3.839,0
4.94,3.75,355.56,0.9978,-0.0314,-0.0446,0.0381,1.36,-0.08,8.73,56.94,24.12,-24.44,8.84,0,1.70,-0.0183,0.0118,5,0.821,1.866,136.36,2.27,3.839,0
phase1 acc_mag=10.930 gravity=10.008 motion=0.922 moving_avg=2.693 rms=3.456 mean_rms=3.303 max_rms=3.856 min_rms=2.586 std=0.330 var=0.109 state=standing thr=3.964/4.164/4.664
3.69,0.81,357.06,0.9991,-0.0052,-0.0333,0.0250,-0.57,1.17,13.25,12.56,-6.06,-7.69,13.31,0,1.70,-0.0134,0.0018,5,0.821,1.866,136.36,2.27,3.839,0
6.06,6.25,354.69,0.9960,-0.0521,-0.0558,0.0460,1.66,-0.17,7.21,-152.31,-42.50,77.69,7.40,0,1.70,-0.0232,0.0197,5,0.821,1.866,136.36,2.27,3.839,0
6.38,12.12,353.44,0.9916,-0.0977,-0.0616,0.0574,1.98,-2.64,4.91,54.56,5.75,5.25,5.92,0,1.70,-0.0267,0.0373,6,0.725,1.945,160.86,2.68,4.564,0
6.19,5.06,354.19,0.9963,-0.0417,-0.0565,0.0504,1.88,2.47,11.60,77.56,-24.44,-6.12,12.01,0,1.70,-0.0234,0.0155,6,0.725,1.945,160.86,2.68,4.564,0
phase1 acc_mag=9.370 gravity=9.926 motion=0.556 moving_avg=2.685 rms=3.252 mean_rms=3.460 max_rms=3.856 min_rms=3.141 std=0.164 var=0.027 state=standing thr=3.789/3.989/4.489
5.94,4.50,354.81,0.9969,-0.0367,-0.0526,0.0442,1.53,-0.20,7.45,4.94,10.81,-5.12,7.61,0,1.70,-0.0216,0.0137,6,0.725,1.945,160.86,2.68,4.564,0
5.00,4.06,355.75,0.9979,-0.0335,-0.0439,0.0352,0.56,-1.03,9.04,5.44,14.56,-14.56,9.12,0,1.70,-0.0180,0.0128,6,0.725,1.945,160.86,2.68,4.564,0
3.81,2.25,357.19,0.9990,-0.0189,-0.0342,0.0245,-0.60,-0.24,12.15,42.25,22.75,-30.50,12.17,0,1.70,-0.0138,0.0072,6,0.725,1.945,160.86,2.68,4.564,0
6.12,7.44,356.19,0.9948,-0.0765,-0.0580,0.0343,1.56,-0.41,4.91,-152.62,-40.25,37.62,5.17,0,1.70,-0.0241,0.0296,6,0.725,1.945,160.86,2.68,4.564,0
phase1 acc_mag=5.784 gravity=9.939 motion=4.154 moving_avg=2.673 rms=3.364 mean_rms=3.454 max_rms=3.856 min_rms=3.132 std=0.175 var=0.031 state=standing thr=3.805/4.005/4.505
6.62,12.06,355.81,0.9921,-0.1024,-0.0622,0.0358,0.69,-5.02,8.25,33.38,6.38,9.75,9.68,0,1.70,-0.0261,0.0398,7,0.766,1.803,141.18,2.35,5.330,0
7.50,6.94,356.50,0.9958,-0.0535,-0.0690,0.0283,2.02,1.36,7.66,57.19,-17.62,-29.38,8.04,0,1.70,-0.0281,0.0205,7,0.766,1.803,141.18,2.35,5.330,0
7.44,4.44,357.31,0.9969,-0.0372,-0.0659,0.0233,0.91,1.14,10.25,12.12,6.06,14.50,10.35,0,1.70,-0.0266,0.0142,7,0.766,1.803,141.18,2.35,5.330,0
7.06,6.31,355.88,0.9959,-0.0527,-0.0641,0.0358,0.39,-4.34,7.80,-39.75,3.06,22.69,8.93,0,1.70,-0.0263,0.0201,7,0.766,1.803,141.18,2.35,5.330,0
phase1 acc_mag=8.516 gravity=9.904 motion=1.388 moving_avg=2.332 rms=3.087 mean_rms=3.409 max_rms=3.856 min_rms=3.084 std=0.201 var=0.040 state=standing thr=3.812/4.012/4.512
8.56,3.38,357.31,0.9965,-0.0280,-0.0755,0.0234,0.51,1.12,11.28,71.56,-37.38,-40.44,11.35,0,1.70,-0.0304,0.0104,7,0.766,1.803,141.18,2.35,5.330,0
10.12,0.94,356.38,0.9955,-0.0056,-0.0885,0.0315,2.01,-1.49,11.16,50.69,-26.19,17.75,11.44,0,1.70,-0.0353,0.0011,7,0.766,1.803,141.18,2.35,5.330,0
11.44,0.12,356.19,0.9944,0.0018,-0.0997,0.0328,-0.42,-1.33,9.53,-0.81,-26.69,-12.00,9.63,0,1.70,-0.0396,-0.0020,7,0.766,1.803,141.18,2.35,5.330,0
13.50,0.12,358.06,0.9925,0.0018,-0.1218,0.0126,1.09,-0.59,8.84,6.12,-48.12,-43.94,8.93,0,1.70,-0.0483,-0.0013,7,0.766,1.803,141.18,2.35,5.330,0
phase1 acc_mag=7.544 gravity=9.759 motion=2.215 moving_avg=1.893 rms=2.438 mean_rms=3.265 max_rms=3.724 min_rms=2.436 std=0.295 var=0.087 state=standing thr=3.856/4.056/4.556
15.62,-1.44,359.19,0.9906,0.0132,-0.1359,0.0066,3.91,2.97,10.20,-5.50,-12.69,17.75,11.32,0,1.70,-0.0538,-0.0056,7,0.766,1.803,141.18,2.35,5.330,0
14.88,1.62,357.12,0.9911,-0.0123,-0.1293,0.0271,2.06,-0.28,8.37,-10.38,7.44,32.06,8.62,0,1.70,-0.0514,0.0035,7,0.766,1.803,141.18,2.35,5.330,0
14.50,2.25,355.12,0.9908,-0.0143,-0.1274,0.0422,2.95,-0.03,8.76,9.81,-1.19,38.25,9.24,0,1.70,-0.0507,0.0035,7,0.766,1.803,141.18,2.35,5.330,0
14.69,2.50,353.69,0.9897,-0.0146,-0.1303,0.0563,2.48,1.07,9.50,4.25,-12.00,23.00,9.88,0,1.70,-0.0519,0.0028,7,0.766,1.803,141.18,2.35,5.330,0
phase1 acc_mag=8.345 gravity=9.458 motion=1.113 moving_avg=1.642 rms=2.223 mean_rms=3.010 max_rms=3.666 min_rms=2.223 std=0.428 var=0.183 state=standing thr=3.866/4.066/4.566
14.69,2.81,352.44,0.9893,-0.0151,-0.1303,0.0632,0.79,-3.59,10.37,-17.81,1.38,-19.69,11.00,0,1.70,-0.0519,0.0027,7,0.766,1.803,141.18,2.35,5.330,0
15.44,1.75,353.88,0.9894,-0.0077,-0.1354,0.0527,2.63,-0.67,10.04,-18.00,9.88,-32.69,10.40,0,1.70,-0.0538,0.0002,7,0.766,1.803,141.18,2.35,5.330,0
14.75,2.44,354.25,0.9905,-0.0167,-0.1271,0.0485,1.81,-1.22,7.97,-27.56,32.25,6.38,8.26,0,1.70,-0.0507,0.0041,7,0.766,1.803,141.18,2.35,5.330,0
phase1 acc_mag=9.726 gravity=9.582 motion=0.144 moving_avg=1.287 rms=1.878 mean_rms=2.703 max_rms=3.415 min_rms=1.878 std=0.514 var=0.264 state=standing thr=3.731/3.931/4.431
14.19,2.81,352.88,0.9901,-0.0164,-0.1251,0.0612,0.85,-1.15,9.62,3.31,-1.75,27.12,9.73,0,1.70,-0.0500,0.0034,7,0.766,1.803,141.18,2.35,5.330,0
14.75,3.44,350.62,0.9880,-0.0188,-0.1306,0.0809,2.22,-1.13,8.60,-13.31,-7.50,18.44,8.95,0,1.70,-0.0522,0.0032,7,0.766,1.803,141.18,2.35,5.330,0
15.44,3.50,350.31,0.9869,-0.0187,-0.1369,0.0833,3.28,-0.28,8.46,0.25,-1.56,-2.00,9.08,0,1.70,-0.0547,0.0028,7,0.766,1.803,141.18,2.35,5.330,0
15.19,2.94,351.12,0.9883,-0.0145,-0.1316,0.0750,1.94,-0.30,8.57,2.25,28.62,-19.06,8.79,0,1.70,-0.0525,0.0018,7,0.766,1.803,141.18,2.35,5.330,0
phase1 acc_mag=9.716 gravity=9.507 motion=0.209 moving_avg=0.858 rms=1.080 mean_rms=2.356 max_rms=3.384 min_rms=1.080 std=0.610 var=0.373 state=standing thr=3.577/3.777/4.277
13.38,2.25,352.25,0.9907,-0.0118,-0.1176,0.0668,1.95,-0.08,9.22,2.25,41.88,-17.19,9.42,0,1.70,-0.0469,0.0015,7,0.766,1.803,141.18,2.35,5.330,0
12.38,1.69,352.69,0.9921,-0.0063,-0.1086,0.0617,2.23,0.63,9.11,17.38,1.19,-16.75,9.40,0,1.70,-0.0433,-0.0002,7,0.766,1.803,141.18,2.35,5.330,0
12.12,1.31,353.88,0.9929,-0.0059,-0.1064,0.0527,2.30,0.88,9.15,7.62,-6.25,-2.69,9.48,0,1.70,-0.0424,0.0001,7,0.766,1.803,141.18,2.35,5.330,0
12.25,1.81,353.69,0.9927,-0.0097,-0.1071,0.0547,1.68,0.05,9.11,6.50,4.19,3.62,9.26,0,1.70,-0.0427,0.0015,7,0.766,1.803,141.18,2.35,5.330,0
phase1 acc_mag=8.876 gravity=9.414 motion=0.538 moving_avg=0.632 rms=0.866 mean_rms=1.890 max_rms=3.098 min_rms=0.866 std=0.661 var=0.437 state=standing thr=3.212/3.412/3.912
10.69,-0.75,354.00,0.9943,0.0118,-0.0931,0.0518,-1.06,1.56,8.80,41.44,61.88,-40.38,9.00,0,1.70,-0.0368,-0.0066,7,0.766,1.803,141.18,2.35,5.330,0
9.50,-2.50,354.06,0.9949,0.0263,-0.0821,0.0515,1.59,1.62,9.02,12.12,37.44,-16.81,9.30,0,1.70,-0.0321,-0.0122,7,0.766,1.803,141.18,2.35,5.330,0
8.19,-2.06,355.62,0.9967,0.0183,-0.0700,0.0362,2.26,1.62,8.57,-32.19,11.31,-15.38,9.01,0,1.70,-0.0276,-0.0083,7,0.766,1.803,141.18,2.35,5.330,0
6.88,0.00,357.31,0.9979,0.0019,-0.0602,0.0230,0.93,-0.38,9.14,-19.19,11.25,-7.38,9.20,0,1.70,-0.0240,-0.0013,7,0.766,1.803,141.18,2.35,5.330,0
phase1 acc_mag=9.240 gravity=9.361 motion=0.121 moving_avg=0.432 rms=0.570 mean_rms=1.445 max_rms=2.366 min_rms=0.570 std=0.626 var=0.392 state=standing thr=2.697/2.897/3.397
6.94,0.12,356.81,0.9976,0.0024,-0.0624,0.0293,0.46,-0.22,8.83,26.50,-18.00,21.88,8.84,0,1.70,-0.0249,-0.0017,7,0.766,1.803,141.18,2.35,5.330,0
8.44,-2.25,355.62,0.9963,0.0228,-0.0731,0.0375,0.29,0.25,10.63,10.31,4.62,-17.62,10.64,0,1.70,-0.0288,-0.0102,7,0.766,0.000,0.00,0.00,5.330,0
7.38,-2.88,356.12,0.9970,0.0275,-0.0636,0.0334,0.74,-0.24,9.10,-4.06,34.50,-20.81,9.13,0,1.70,-0.0250,-0.0118,7,0.766,0.000,0.00,0.00,5.330,0
7.06,-3.38,356.31,0.9971,0.0317,-0.0611,0.0318,1.10,0.55,8.62,-18.81,8.75,-4.62,8.71,0,1.70,-0.0240,-0.0134,7,0.766,0.000,0.00,0.00,5.330,0
phase1 acc_mag=8.699 gravity=9.368 motion=0.669 moving_avg=0.416 rms=0.528 mean_rms=1.077 max_rms=2.067 min_rms=0.507 std=0.529 var=0.279 state=standing thr=2.134/2.334/2.834
7.00,-2.81,356.62,0.9974,0.0262,-0.0605,0.0290,1.00,0.86,9.11,-3.38,-4.62,2.62,9.20,0,1.70,-0.0238,-0.0111,7,0.766,0.000,0.00,0.00,5.330,0
7.12,-3.25,356.94,0.9973,0.0319,-0.0610,0.0255,1.02,-0.60,9.24,19.56,5.88,-12.88,9.32,0,1.70,-0.0240,-0.0133,7,0.766,0.000,0.00,0.00,5.330,0
2.94,-6.94,359.25,0.9978,0.0608,-0.0258,0.0065,-1.27,0.00,9.56,13.44,93.50,-85.94,9.64,0,1.70,-0.0101,-0.0243,7,0.766,0.000,0.00,0.00,5.330,0
phase1 acc_mag=9.348 gravity=9.327 motion=0.021 moving_avg=0.349 rms=0.453 mean_rms=0.775 max_rms=1.860 min_rms=0.453 std=0.335 var=0.112 state=standing thr=1.446/1.646/2.146
1.56,-8.38,0.50,0.9973,0.0719,-0.0134,-0.0054,0.71,2.46,8.99,-10.38,6.00,-13.62,9.35,0,1.70,-0.0055,-0.0287,7,0.766,0.000,0.00,0.00,5.330,0
0.44,-6.25,0.88,0.9985,0.0547,-0.0046,-0.0079,-0.81,-0.39,9.50,-20.25,16.38,-12.56,9.54,0,1.70,-0.0020,-0.0219,7,0.766,0.000,0.00,0.00,5.330,0
0.56,-6.19,0.69,0.9986,0.0524,-0.0053,-0.0065,-0.12,0.70,9.08,-18.62,1.69,-2.62,9.11,0,1.70,-0.0023,-0.0209,7,0.766,0.000,0.00,0.00,5.330,0
0.25,-5.38,1.06,0.9988,0.0471,-0.0029,-0.0096,-0.12,0.95,9.27,-21.06,10.38,-10.75,9.32,0,1.70,-0.0014,-0.0188,7,0.766,0.000,0.00,0.00,5.330,0
phase1 acc_mag=9.379 gravity=9.341 motion=0.038 moving_avg=0.312 rms=0.420 mean_rms=0.598 max_rms=0.960 min_rms=0.420 std=0.170 var=0.029 state=standing thr=0.937/1.137/1.637
-1.00,-3.81,2.19,0.9992,0.0337,0.0084,-0.0193,-0.67,0.65,9.20,-38.12,26.44,-20.19,9.25,0,1.70,0.0031,-0.0135,7,0.766,0.000,0.00,0.00,5.330,0
-1.88,-2.88,2.62,0.9993,0.0256,0.0159,-0.0230,-0.80,0.74,9.23,7.12,1.00,9.44,9.29,0,1.70,0.0061,-0.0104,7,0.766,0.000,0.00,0.00,5.330,0
-1.38,-3.00,2.06,0.9995,0.0270,0.0106,-0.0177,-0.91,0.31,9.49,5.50,-15.56,7.38,9.54,0,1.70,0.0041,-0.0109,7,0.766,0.000,0.00,0.00,5.330,0
0.81,-4.94,1.69,0.9989,0.0434,-0.0079,-0.0152,0.47,1.96,9.34,30.19,-31.38,-3.75,9.56,0,1.70,-0.0034,-0.0173,7,0.766,0.000,0.00,0.00,5.330,0
phase1 acc_mag=9.287 gravity=9.345 motion=0.058 moving_avg=0.298 rms=0.403 mean_rms=0.503 max_rms=0.762 min_rms=0.403 std=0.091 var=0.008 state=standing thr=0.684/0.884/1.384
1.94,-5.62,1.75,0.9985,0.0493,-0.0182,-0.0155,2.99,4.25,8.40,-94.50,-32.06,52.00,9.88,0,1.70,-0.0076,-0.0196,7,0.766,0.000,0.00,0.00,5.330,0
2.44,-3.38,1.50,0.9991,0.0323,-0.0219,-0.0131,0.48,3.19,8.87,33.19,0.25,2.06,9.44,0,1.70,-0.0089,-0.0128,7,0.766,0.000,0.00,0.00,5.330,0
3.50,-6.62,0.88,0.9978,0.0576,-0.0311,-0.0077,0.71,-2.07,9.54,57.06,-10.38,8.31,9.79,0,1.70,-0.0126,-0.0229,7,0.766,0.000,0.00,0.00,5.330,0
5.62,-10.19,359.44,0.9953,0.0834,-0.0493,0.0016,1.44,2.67,8.29,-60.75,-22.69,3.62,8.83,0,1.70,-0.0196,-0.0332,7,0.766,0.000,0.00,0.00,5.330,0
phase1 acc_mag=7.641 gravity=9.490 motion=1.849 moving_avg=0.464 rms=0.758 mean_rms=0.479 max_rms=0.758 min_rms=0.400 std=0.074 var=0.005 state=slow thr=0.626/0.826/1.326
6.19,-9.81,0.38,0.9949,0.0850,-0.0549,-0.0036,1.71,2.38,8.54,-38.19,13.00,-23.88,9.03,0,1.70,-0.0220,-0.0337,7,0.766,0.000,0.00,0.00,5.330,0
4.56,-6.81,1.62,0.9973,0.0591,-0.0413,-0.0143,0.62,0.42,9.99,-87.75,33.44,-28.62,10.02,0,1.70,-0.0168,-0.0234,7,0.766,0.000,0.00,0.00,5.330,0
-0.06,-1.00,3.69,0.9995,0.0088,0.0003,-0.0322,-3.50,0.53,10.12,-95.19,97.12,-62.06,10.72,0,1.70,0.0000,-0.0035,7,0.766,0.000,0.00,0.00,5.330,0
-0.94,2.06,3.25,0.9994,-0.0179,0.0089,-0.0285,5.76,-10.51,10.86,-112.94,-9.31,48.25,16.17,0,1.70,0.0038,0.0070,7,0.766,0.000,0.00,0.00,5.330,0
phase1 acc_mag=9.030 gravity=9.625 motion=0.595 moving_avg=0.527 rms=1.013 mean_rms=0.531 max_rms=1.013 min_rms=0.400 std=0.146 var=0.021 state=slow thr=0.823/1.023/1.523
phase1 acc_mag=0.000 gravity=9.535 motion=9.535 moving_avg=0.620 rms=1.391 mean_rms=0.540 max_rms=1.391 min_rms=0.400 std=0.169 var=0.029 state=walking thr=0.878/1.078/1.578
0.00,0.00,0.00,0.0000,0.0000,0.0000,0.0000,0.00,0.00,0.00,0.00,0.00,0.00,0.00,2,0.20,0.0000,0.0000,8,0.678,0.000,0.00,0.00,6.009,1
0.00,0.00,0.00,0.0000,0.0000,0.0000,0.0000,0.00,0.00,0.00,0.00,0.00,0.00,0.00,2,0.20,0.0000,0.0000,8,0.678,0.000,0.00,0.00,6.009,0
0.00,0.00,0.00,0.0000,0.0000,0.0000,0.0000,0.00,0.00,0.00,0.00,0.00,0.00,0.00,2,0.20,0.0000,0.0000,8,0.678,0.000,0.00,0.00,6.009,0
0.00,0.00,0.00,0.0000,0.0000,0.0000,0.0000,0.00,0.00,0.00,0.00,0.00,0.00,0.00,2,0.20,0.0000,0.0000,8,0.678,0.000,0.00,0.00,6.009,0
phase1 acc_mag=0.000 gravity=7.760 motion=7.760 moving_avg=2.204 rms=4.000 mean_rms=1.032 max_rms=4.000 min_rms=0.400 std=1.039 var=1.080 state=running thr=3.111/3.311/3.811
0.00,0.00,0.00,0.0000,0.0000,0.0000,0.0000,0.00,0.00,0.00,0.00,0.00,0.00,0.00,2,0.20,0.0000,0.0000,8,0.678,0.000,0.00,0.00,6.009,0
0.00,0.00,0.00,0.0000,0.0000,0.0000,0.0000,0.00,0.00,0.00,0.00,0.00,0.00,0.00,2,0.20,0.0000,0.0000,8,0.678,0.000,0.00,0.00,6.009,0
0.00,0.00,0.00,0.0000,0.0000,0.0000,0.0000,0.00,0.00,0.00,0.00,0.00,0.00,0.00,2,0.20,0.0000,0.0000,8,0.678,0.000,0.00,0.00,6.009,0
0.00,0.00,0.00,0.0000,0.0000,0.0000,0.0000,0.00,0.00,0.00,0.00,0.00,0.00,0.00,2,0.20,0.0000,0.0000,8,0.678,0.000,0.00,0.00,6.009,0
phase1 acc_mag=0.000 gravity=5.981 motion=5.981 moving_avg=3.471 rms=4.989 mean_rms=1.822 max_rms=4.989 min_rms=0.400 std=1.672 var=2.795 state=standing thr=5.165/5.365/5.865
0.00,0.00,0.00,0.0000,0.0000,0.0000,0.0000,0.00,0.00,0.00,0.00,0.00,0.00,0.00,2,0.20,0.0000,0.0000,8,0.678,0.000,0.00,0.00,6.009,0
0.00,0.00,0.00,0.0000,0.0000,0.0000,0.0000,0.00,0.00,0.00,0.00,0.00,0.00,0.00,2,0.20,0.0000,0.0000,8,0.678,0.000,0.00,0.00,6.009,0
0.00,0.00,0.00,0.0000,0.0000,0.0000,0.0000,0.00,0.00,0.00,0.00,0.00,0.00,0.00,2,0.20,0.0000,0.0000,8,0.678,0.000,0.00,0.00,6.009,0
0.00,0.00,0.00,0.0000,0.0000,0.0000,0.0000,0.00,0.00,0.00,0.00,0.00,0.00,0.00,2,0.20,0.0000,0.0000,8,0.678,0.000,0.00,0.00,6.009,0
phase1 acc_mag=0.000 gravity=4.186 motion=4.186 moving_avg=4.393 rms=5.455 mean_rms=2.743 max_rms=5.455 min_rms=0.435 std=1.956 var=3.827 state=standing thr=6.655/6.855/7.355
0.00,0.00,0.00,0.0000,0.0000,0.0000,0.0000,0.00,0.00,0.00,0.00,0.00,0.00,0.00,2,0.20,0.0000,0.0000,8,0.678,0.000,0.00,0.00,6.009,0
0.00,0.00,0.00,0.0000,0.0000,0.0000,0.0000,0.00,0.00,0.00,0.00,0.00,0.00,0.00,2,0.20,0.0000,0.0000,8,0.678,0.000,0.00,0.00,6.009,0
0.00,0.00,0.00,0.0000,0.0000,0.0000,0.0000,0.00,0.00,0.00,0.00,0.00,0.00,0.00,2,0.20,0.0000,0.0000,8,0.678,0.000,0.00,0.00,6.009,0
0.00,0.00,0.00,0.0000,0.0000,0.0000,0.0000,0.00,0.00,0.00,0.00,0.00,0.00,0.00,2,0.20,0.0000,0.0000,8,0.678,0.000,0.00,0.00,6.009,0
phase1 acc_mag=0.000 gravity=2.283 motion=2.283 moving_avg=4.789 rms=5.598 mean_rms=3.697 max_rms=5.598 min_rms=0.715 std=1.868 var=3.489 state=standing thr=7.433/7.633/8.133
0.00,0.00,0.00,0.0000,0.0000,0.0000,0.0000,0.00,0.00,0.00,0.00,0.00,0.00,0.00,2,0.20,0.0000,0.0000,8,0.678,0.000,0.00,0.00,6.009,0
0.00,0.00,0.00,0.0000,0.0000,0.0000,0.0000,0.00,0.00,0.00,0.00,0.00,0.00,0.00,2,0.20,0.0000,0.0000,8,0.678,0.000,0.00,0.00,6.009,0
0.00,0.00,0.00,0.0000,0.0000,0.0000,0.0000,0.00,0.00,0.00,0.00,0.00,0.00,0.00,2,0.20,0.0000,0.0000,8,0.678,0.000,0.00,0.00,6.009,0
0.00,0.00,0.00,0.0000,0.0000,0.0000,0.0000,0.00,0.00,0.00,0.00,0.00,0.00,0.00,2,0.20,0.0000,0.0000,8,0.678,0.000,0.00,0.00,6.009,0
phase1 acc_mag=0.000 gravity=0.444 motion=0.444 moving_avg=4.923 rms=5.620 mean_rms=4.624 max_rms=5.627 min_rms=0.771 std=1.291 var=1.666 state=standing thr=7.206/7.406/7.906
0.00,0.00,0.00,0.0000,0.0000,0.0000,0.0000,0.00,0.00,0.00,0.00,0.00,0.00,0.00,2,0.20,0.0000,0.0000,8,0.678,0.000,0.00,0.00,6.009,0
0.00,0.00,0.00,0.0000,0.0000,0.0000,0.0000,0.00,0.00,0.00,0.00,0.00,0.00,0.00,2,0.20,0.0000,0.0000,8,0.678,0.000,0.00,0.00,6.009,0
0.00,0.00,0.00,0.0000,0.0000,0.0000,0.0000,0.00,0.00,0.00,0.00,0.00,0.00,0.00,2,0.20,0.0000,0.0000,8,0.678,0.000,0.00,0.00,6.009,0
0.00,0.00,0.00,0.0000,0.0000,0.0000,0.0000,0.00,0.00,0.00,0.00,0.00,0.00,0.00,2,0.20,0.0000,0.0000,8,0.678,0.000,0.00,0.00,6.009,0
phase1 acc_mag=0.000 gravity=-0.000 motion=0.000 moving_avg=3.519 rms=4.394 mean_rms=5.151 max_rms=5.627 min_rms=3.677 std=0.523 var=0.273 state=standing thr=6.196/6.396/6.896
0.00,0.00,0.00,0.0000,0.0000,0.0000,0.0000,0.00,0.00,0.00,0.00,0.00,0.00,0.00,2,0.20,0.0000,0.0000,8,0.678,0.000,0.00,0.00,6.009,0
0.00,0.00,0.00,0.0000,0.0000,0.0000,0.0000,0.00,0.00,0.00,0.00,0.00,0.00,0.00,2,0.20,0.0000,0.0000,8,0.678,0.000,0.00,0.00,6.009,0
0.00,0.00,0.00,0.0000,0.0000,0.0000,0.0000,0.00,0.00,0.00,0.00,0.00,0.00,0.00,2,0.20,0.0000,0.0000,8,0.678,0.000,0.00,0.00,6.009,0
0.00,0.00,0.00,0.0000,0.0000,0.0000,0.0000,0.00,0.00,0.00,0.00,0.00,0.00,0.00,2,0.20,0.0000,0.0000,8,0.678,0.000,0.00,0.00,6.009,0
phase1 acc_mag=0.000 gravity=-0.000 motion=0.000 moving_avg=2.134 rms=3.027 mean_rms=5.030 max_rms=5.627 min_rms=3.027 std=0.742 var=0.550 state=standing thr=6.513/6.713/7.213
0.00,0.00,0.00,0.0000,0.0000,0.0000,0.0000,0.00,0.00,0.00,0.00,0.00,0.00,0.00,2,0.20,0.0000,0.0000,8,0.678,0.000,0.00,0.00,6.009,0
0.00,0.00,0.00,0.0000,0.0000,0.0000,0.0000,0.00,0.00,0.00,0.00,0.00,0.00,0.00,2,0.20,0.0000,0.0000,8,0.678,0.000,0.00,0.00,6.009,0
0.00,0.00,0.00,0.0000,0.0000,0.0000,0.0000,0.00,0.00,0.00,0.00,0.00,0.00,0.00,2,0.20,0.0000,0.0000,8,0.678,0.000,0.00,0.00,6.009,0
0.00,0.00,0.00,0.0000,0.0000,0.0000,0.0000,0.00,0.00,0.00,0.00,0.00,0.00,0.00,2,0.20,0.0000,0.0000,8,0.678,0.000,0.00,0.00,6.009,0
phase1 acc_mag=0.000 gravity=-0.000 motion=0.000 moving_avg=1.087 rms=1.829 mean_rms=4.507 max_rms=5.627 min_rms=1.829 std=1.275 var=1.625 state=standing thr=7.056/7.256/7.756
0.00,0.00,0.00,0.0000,0.0000,0.0000,0.0000,0.00,0.00,0.00,0.00,0.00,0.00,0.00,2,0.20,0.0000,0.0000,8,0.678,0.000,0.00,0.00,6.009,0
0.00,0.00,0.00,0.0000,0.0000,0.0000,0.0000,0.00,0.00,0.00,0.00,0.00,0.00,0.00,2,0.20,0.0000,0.0000,8,0.678,0.000,0.00,0.00,6.009,0
0.00,0.00,0.00,0.0000,0.0000,0.0000,0.0000,0.00,0.00,0.00,0.00,0.00,0.00,0.00,2,0.20,0.0000,0.0000,8,0.678,0.000,0.00,0.00,6.009,0
0.00,0.00,0.00,0.0000,0.0000,0.0000,0.0000,0.00,0.00,0.00,0.00,0.00,0.00,0.00,2,0.20,0.0000,0.0000,8,0.678,0.000,0.00,0.00,6.009,0
phase1 acc_mag=0.000 gravity=-0.000 motion=0.000 moving_avg=0.387 rms=0.843 mean_rms=3.705 max_rms=5.627 min_rms=0.843 std=1.665 var=2.773 state=standing thr=7.036/7.236/7.736
0.00,0.00,0.00,0.0000,0.0000,0.0000,0.0000,0.00,0.00,0.00,0.00,0.00,0.00,0.00,2,0.20,0.0000,0.0000,8,0.678,0.000,0.00,0.00,6.009,0
0.00,0.00,0.00,0.0000,0.0000,0.0000,0.0000,0.00,0.00,0.00,0.00,0.00,0.00,0.00,2,0.20,0.0000,0.0000,8,0.678,0.000,0.00,0.00,6.009,0
0.00,0.00,0.00,0.0000,0.0000,0.0000,0.0000,0.00,0.00,0.00,0.00,0.00,0.00,0.00,2,0.20,0.0000,0.0000,8,0.678,0.000,0.00,0.00,6.009,0
0.00,0.00,0.00,0.0000,0.0000,0.0000,0.0000,0.00,0.00,0.00,0.00,0.00,0.00,0.00,2,0.20,0.0000,0.0000,8,0.678,0.000,0.00,0.00,6.009,0
phase1 acc_mag=0.000 gravity=-0.000 motion=0.000 moving_avg=0.040 rms=0.159 mean_rms=2.726 max_rms=5.627 min_rms=0.159 std=1.772 var=3.138 state=standing thr=6.269/6.469/6.969
0.00,0.00,0.00,0.0000,0.0000,0.0000,0.0000,0.00,0.00,0.00,0.00,0.00,0.00,0.00,2,0.20,0.0000,0.0000,8,0.678,0.000,0.00,0.00,6.009,0
0.00,0.00,0.00,0.0000,0.0000,0.0000,0.0000,0.00,0.00,0.00,0.00,0.00,0.00,0.00,2,0.20,0.0000,0.0000,8,0.678,0.000,0.00,0.00,6.009,0
0.00,0.00,0.00,0.0000,0.0000,0.0000,0.0000,0.00,0.00,0.00,0.00,0.00,0.00,0.00,2,0.20,0.0000,0.0000,8,0.678,0.000,0.00,0.00,6.009,0
0.00,0.00,0.00,0.0000,0.0000,0.0000,0.0000,0.00,0.00,0.00,0.00,0.00,0.00,0.00,2,0.20,0.0000,0.0000,8,0.678,0.000,0.00,0.00,6.009,0
